X0: 1.788378e+01 5.189760e-01 -4.835136e-01 
rpy: 8.915633e+01 -3.561274e-02 -1.385090e+02 
R: -7.490592e-01 1.022046e-02 -6.624242e-01 -6.625027e-01 -1.061768e-02 7.489842e-01 6.215595e-04 9.998914e-01 1.472435e-02