%YAML:1.0
---
F: !!opencv-matrix
   rows: 3
   cols: 3
   dt: d
   data: [ 3.3385874042661674e-10, 2.1092279400146381e-07,
       -4.4730169552087235e-05, -3.7986361643455443e-07,
       -8.7828166355945022e-07, 4.5907864256505872e-02,
       1.5994161300896291e-05, -4.4703649446787119e-02,
       -9.9999999999999989e-01 ]
E: !!opencv-matrix
   rows: 3
   cols: 3
   dt: d
   data: [ 6.8862425259996711e-06, 4.3503328561905171e-03,
       -1.6173977470742471e-03, -7.8340279267240590e-03,
       -1.8112176467760824e-02, -8.8729144918370162e-01,
       4.1262753799966734e-03, 8.8730633532537717e-01,
       -1.8141363931043542e-02 ]
R: !!opencv-matrix
   rows: 3
   cols: 3
   dt: d
   data: [ 9.9998815225894866e-01, -3.0062967112281340e-03,
       -3.8285143094412815e-03, 2.9274574676399594e-03,
       9.9978691034770983e-01, -2.0434380102063908e-02,
       3.8891303023551142e-03, 2.0422930188014773e-02,
       9.9978386593704671e-01 ]
T: !!opencv-matrix
   rows: 3
   cols: 1
   dt: d
   data: [ 8.8750004654871939e-01, -1.5281748466166776e-03,
       -4.3824765247968888e-03 ]
R1: !!opencv-matrix
   rows: 3
   cols: 3
   dt: d
   data: [ 9.9995023337399236e-01, -4.8285992871516898e-03,
       -8.7301434250623092e-03, 4.7391862572903750e-03,
       9.9993640357112046e-01, -1.0233715203776330e-02,
       8.7790027290547360e-03, 1.0191832130554886e-02,
       9.9990952374147624e-01 ]
R2: !!opencv-matrix
   rows: 3
   cols: 3
   dt: d
   data: [ 9.9998632590374636e-01, -1.7218635155562710e-03,
       -4.9379339363792192e-03, 1.7722045122420620e-03,
       9.9994632086310087e-01, 1.0208559326139063e-02,
       4.9200911264973791e-03, -1.0217170762119429e-02,
       9.9993569899515267e-01 ]
P1: !!opencv-matrix
   rows: 3
   cols: 4
   dt: d
   data: [ -1.0315871033512421e+03, 0., 8.8600782775878906e+02, 0., 0.,
       -1.0315871033512421e+03, 5.9295800781250000e+02, 0., 0., 0., 1.,
       0. ]
P2: !!opencv-matrix
   rows: 3
   cols: 4
   dt: d
   data: [ -1.0315871033512421e+03, 0., 9.4766629028320313e+02,
       -9.1554612150907622e+02, 0., -1.0315871033512421e+03,
       5.9295800781250000e+02, 0., 0., 0., 1., 0. ]
Q: !!opencv-matrix
   rows: 4
   cols: 4
   dt: d
   data: [ 1., 0., 0., -8.8600782775878906e+02, 0., 1., 0.,
       -5.9295800781250000e+02, 0., 0., 0., -1.0315871033512421e+03, 0.,
       0., -1.1267450613376806e+00, -6.9473368139058010e+01 ]
mirrorY: 1
ROI1x: 0
ROI1y: 0
ROI1w: 1920
ROI1h: 1200
ROI2x: 0
ROI2y: 0
ROI2w: 0
ROI2h: 0
Offsetx: 0.
Offsety: 0.
Offsetz: 0.
Covar: !!opencv-matrix
   rows: 24
   cols: 24
   dt: d
   data: [ 5.0819753071623839e-03, 9.1492146331983163e-05,
       2.1110590569379950e-04, 2.3744511560336133e-07,
       3.0726240840238815e-07, 1.4117011152448653e-06,
       2.8739806311865254e-09, -1.5079089819536025e-06,
       -4.1921876840408897e-06, 5.8769629434108187e-05,
       2.4373091463001068e-05, 8.7191299850645804e-05,
       2.8253140120004204e-09, 1.7813364719127919e-07,
       -3.7843929144443058e-07, -9.2258209121212038e-09,
       -1.6125245549590941e-08, 3.3092366089852598e-07,
       -1.4178440762781276e-07, -5.0853552840554235e-06,
       -1.0501179016711360e-07, 7.4777684934420901e-08,
       -2.6383424057583050e-07, -5.2102785912648369e-08,
       9.1492146331983163e-05, 4.2897283840361150e-03,
       -4.3424270077548272e-04, 6.4312047527185179e-08,
       5.7735253897189266e-07, -4.8453685815422202e-06,
       -1.1663546012681559e-06, -7.9092839128897944e-08,
       8.2487466614208425e-06, 2.7743159074335526e-06,
       1.1997796381897070e-04, -6.7074107413324737e-05,
       -6.9812227887825041e-09, -5.8671295539029700e-08,
       -5.8976559248666090e-08, -3.8525486646764076e-08,
       -3.6697839526313489e-09, 1.6991195375404788e-07,
       -7.1925980806760010e-08, 6.2639847109196735e-07,
       -7.0477173580873199e-07, 3.9761870808307613e-06,
       6.4018408958471215e-07, -2.2209786566763986e-07,
       2.1110590569379950e-04, -4.3424270077548272e-04,
       3.8024116428604150e-03, -9.3720159285173814e-08,
       -2.3474796868786990e-06, 1.8954350782299755e-05,
       1.0815410867710110e-07, -5.2457795109793267e-08,
       -2.5895377723874167e-05, -5.4582121024335139e-05,
       -1.3481269538917385e-05, 1.7062796646515461e-04,
       -3.1252450117013753e-09, 2.0317540012995835e-07,
       -4.4383731245684533e-08, 7.1691367111686399e-09,
       1.9400397013400944e-08, -1.5376249069673659e-07,
       1.1324456136227824e-06, -8.1221988517788028e-06,
       -3.3382701247269603e-07, -5.7351259459280315e-07,
       -7.3516154889541440e-06, -2.2557422005175825e-07,
       2.3744511560336133e-07, 6.4312047527185179e-08,
       -9.3720159285173814e-08, 1.2234381601992349e-10,
       3.1138350169602077e-10, -1.5148557085695907e-09,
       -1.8925697099818295e-11, -1.0383879544854366e-10,
       2.1117002426057255e-09, -7.7244287954818173e-10,
       -2.4005498024232156e-09, 1.1788489422085213e-08,
       1.7845971175243963e-12, 5.8873492439502546e-12,
       1.9568973612573616e-11, -3.4229375490891136e-13,
       -1.2532394319978605e-13, -8.3956143149429211e-11,
       -4.3821521948713035e-11, -2.4147699122019967e-10,
       -1.6531144926956551e-11, 5.8178168434812376e-11,
       -4.7133370204691862e-11, -5.6510696431879858e-12,
       3.0726240840238815e-07, 5.7735253897189266e-07,
       -2.3474796868786990e-06, 3.1138350169602077e-10,
       6.2835630433359912e-08, -3.6481860186848979e-07,
       -2.4959469424942485e-11, 1.2331386503335357e-12,
       6.0801961601166179e-07, -1.1958762217468017e-07,
       -5.2883095461500328e-09, 2.9490507427228272e-07,
       6.1189463541201582e-12, 4.7508482853024583e-10,
       -3.4508551391629136e-09, -2.3274844147290163e-11,
       4.7220152138836026e-11, 8.0359672493981271e-09,
       1.3655677843793298e-09, -2.2943853526545501e-09,
       -2.0254664757238000e-10, 4.6705444333860681e-10,
       -1.4029195040079746e-09, -1.4439867824607187e-10,
       1.4117011152448653e-06, -4.8453685815422202e-06,
       1.8954350782299755e-05, -1.5148557085695907e-09,
       -3.6481860186848979e-07, 2.4312371510757157e-06,
       4.6804164523954071e-10, 1.4697351860473079e-09,
       -4.3647561090163097e-06, 3.1794642481632866e-08,
       1.0380061724290851e-07, -1.2952832121668341e-07,
       8.9575995279767179e-12, 1.3620394725243545e-09,
       2.6373909913822560e-08, 1.9062282892727248e-10,
       -1.9818367198247515e-10, -7.4320648051754363e-08,
       -3.3438010584763823e-09, -4.7191087800887592e-09,
       7.1538399457803881e-10, -4.3942772844427802e-09,
       -4.8219413437369065e-09, 4.1832134373003757e-10,
       2.8739806311865254e-09, -1.1663546012681559e-06,
       1.0815410867710110e-07, -1.8925697099818295e-11,
       -2.4959469424942485e-11, 4.6804164523954071e-10,
       3.9408339659369009e-10, 1.1917514499357159e-11,
       -9.6348999788403389e-10, -1.2253239049368212e-09,
       -3.5022393809639484e-08, 2.1983394900384537e-08,
       1.5046654153676218e-12, 2.1035193553128803e-11,
       -6.1625431947436702e-12, 1.1753295541488765e-11,
       6.0618027491326125e-13, -1.2937465859925862e-11,
       2.9020157480439635e-11, -1.9668007991426685e-10,
       1.4786514047618866e-10, -1.1113361673019464e-09,
       -1.7013257718829256e-10, 4.8087970274178749e-12,
       -1.5079089819536025e-06, -7.9092839128897944e-08,
       -5.2457795109793267e-08, -1.0383879544854366e-10,
       1.2331386503335357e-12, 1.4697351860473079e-09,
       1.1917514499357159e-11, 5.5942691320156543e-10,
       -3.6681302435603533e-09, -2.0278603009554229e-08,
       -2.8242749695664513e-09, -2.5850290944404539e-08,
       -9.2656794031502182e-13, -1.5408727137988328e-11,
       1.7448345057270167e-10, 3.0310280589229721e-12,
       4.7143374122919625e-12, -2.6136752261693633e-10,
       -4.2256445055658710e-11, 1.6676397990173291e-09,
       4.7356132408705529e-11, -6.6934155312487648e-11,
       1.9589623809275169e-10, 2.4399217952436309e-11,
       -4.1921876840408897e-06, 8.2487466614208425e-06,
       -2.5895377723874167e-05, 2.1117002426057255e-09,
       6.0801961601166179e-07, -4.3647561090163097e-06,
       -9.6348999788403389e-10, -3.6681302435603533e-09,
       8.3349268791830889e-06, -2.9239022895721630e-08,
       -5.8922157718844996e-08, 8.0873699454086376e-08,
       -2.1677507467807344e-11, -3.7544086241009788e-09,
       -3.9115836780556066e-08, -3.5309919257150069e-10,
       3.5237444927148633e-10, 1.3786412272555377e-07,
       5.4888536184831217e-09, 2.1563623044163827e-10,
       -1.6504557740702010e-09, 7.3303250896134301e-09,
       -1.2600600477037312e-09, -8.5918269557563120e-10,
       5.8769629434108187e-05, 2.7743159074335526e-06,
       -5.4582121024335139e-05, -7.7244287954818173e-10,
       -1.1958762217468017e-07, 3.1794642481632866e-08,
       -1.2253239049368212e-09, -2.0278603009554229e-08,
       -2.9239022895721630e-08, 6.0572126319824596e-03,
       1.6375685537775957e-04, -1.7928189335472809e-06,
       -2.0250901338600474e-07, -8.4989296219836230e-07,
       2.5674878720316007e-06, -5.2036925669578020e-08,
       -1.8185153811898104e-06, -3.6429435892034433e-06,
       -3.4297868903271857e-08, 1.0120986514163707e-07,
       7.3477031992860782e-09, 6.4873177399738522e-09,
       1.4196488089520072e-07, 5.6839018713595826e-09,
       2.4373091463001068e-05, 1.1997796381897070e-04,
       -1.3481269538917385e-05, -2.4005498024232156e-09,
       -5.2883095461500328e-09, 1.0380061724290851e-07,
       -3.5022393809639484e-08, -2.8242749695664513e-09,
       -5.8922157718844996e-08, 1.6375685537775957e-04,
       5.0804168249223318e-03, -1.6818680962827519e-05,
       -5.8675717223440377e-08, -1.0339856362317770e-08,
       2.4752583909777762e-06, -1.4960069550723697e-06,
       -6.3775107313197637e-08, -4.6994957024959822e-06,
       -9.0707798506426837e-09, 1.5989143973227490e-08,
       -1.9080523710819360e-08, 1.1212724758442988e-07,
       3.4358121605495022e-08, -4.7498764904626165e-09,
       8.7191299850645804e-05, -6.7074107413324737e-05,
       1.7062796646515461e-04, 1.1788489422085213e-08,
       2.9490507427228272e-07, -1.2952832121668341e-07,
       2.1983394900384537e-08, -2.5850290944404539e-08,
       8.0873699454086376e-08, -1.7928189335472809e-06,
       -1.6818680962827519e-05, 3.3822603607952138e-03,
       -1.2274956600128744e-07, -1.9560940372372468e-06,
       2.2363742824123775e-05, -1.8203549243717221e-09,
       -2.5948570504848235e-08, -3.4859006935338520e-05,
       9.1036041660903173e-08, -5.4022513068071298e-07,
       -1.3996608002853947e-08, -7.3212176975704211e-08,
       -4.1274737909356104e-07, -1.4265607820854923e-08,
       2.8253140120004204e-09, -6.9812227887825041e-09,
       -3.1252450117013753e-09, 1.7845971175243963e-12,
       6.1189463541201582e-12, 8.9575995279767179e-12,
       1.5046654153676218e-12, -9.2656794031502182e-13,
       -2.1677507467807344e-11, -2.0250901338600474e-07,
       -5.8675717223440377e-08, -1.2274956600128744e-07,
       1.5975386270581097e-10, 3.0854926269426487e-10,
       -1.0383320834122882e-09, 1.9793093445488500e-11,
       5.4386226811731617e-11, 6.1042941387365991e-10,
       1.4513207602779220e-12, -3.4615134410313505e-13,
       1.2598825778518830e-12, -6.3650578737615983e-12,
       3.0077321391470618e-12, 4.3384245118610505e-13,
       1.7813364719127919e-07, -5.8671295539029700e-08,
       2.0317540012995835e-07, 5.8873492439502546e-12,
       4.7508482853024583e-10, 1.3620394725243545e-09,
       2.1035193553128803e-11, -1.5408727137988328e-11,
       -3.7544086241009788e-09, -8.4989296219836230e-07,
       -1.0339856362317770e-08, -1.9560940372372468e-06,
       3.0854926269426487e-10, 9.4238054012834386e-08,
       -5.7758876614788560e-07, 2.2390414151413435e-10,
       1.1212274931504501e-10, 1.0015593636628998e-06,
       1.1014975071101580e-10, -7.0430236230488253e-10,
       -2.3525136283555163e-11, -6.8637385113828302e-11,
       -4.8058726486706268e-10, -2.1033979241876345e-11,
       -3.7843929144443058e-07, -5.8976559248666090e-08,
       -4.4383731245684533e-08, 1.9568973612573616e-11,
       -3.4508551391629136e-09, 2.6373909913822560e-08,
       -6.1625431947436702e-12, 1.7448345057270167e-10,
       -3.9115836780556066e-08, 2.5674878720316007e-06,
       2.4752583909777762e-06, 2.2363742824123775e-05,
       -1.0383320834122882e-09, -5.7758876614788560e-07,
       3.9880033139162214e-06, -8.8000613716273784e-10,
       -9.7437238307206201e-10, -7.3697938729387234e-06,
       2.0003511278474292e-11, 5.7342605190014816e-10,
       4.5647364192419041e-11, -3.9038421328078677e-11,
       2.0379676266928932e-10, 3.2664993340736581e-11,
       -9.2258209121212038e-09, -3.8525486646764076e-08,
       7.1691367111686399e-09, -3.4229375490891136e-13,
       -2.3274844147290163e-11, 1.9062282892727248e-10,
       1.1753295541488765e-11, 3.0310280589229721e-12,
       -3.5309919257150069e-10, -5.2036925669578020e-08,
       -1.4960069550723697e-06, -1.8203549243717221e-09,
       1.9793093445488500e-11, 2.2390414151413435e-10,
       -8.8000613716273784e-10, 5.4500777220154963e-10,
       1.6988704928639910e-11, 8.3869346492281511e-11,
       2.9325470426611231e-12, -5.5762446450692090e-12,
       5.2470816311530549e-12, -3.6465016135015072e-11,
       -1.2757167568016260e-11, 6.2006486346836401e-13,
       -1.6125245549590941e-08, -3.6697839526313489e-09,
       1.9400397013400944e-08, -1.2532394319978605e-13,
       4.7220152138836026e-11, -1.9818367198247515e-10,
       6.0618027491326125e-13, 4.7143374122919625e-12,
       3.5237444927148633e-10, -1.8185153811898104e-06,
       -6.3775107313197637e-08, -2.5948570504848235e-08,
       5.4386226811731617e-11, 1.1212274931504501e-10,
       -9.7437238307206201e-10, 1.6988704928639910e-11,
       6.4752109168478932e-10, 1.4819388499089417e-09,
       9.1748411915654029e-12, -3.5869385351424396e-11,
       -1.4817885711634239e-12, -4.3779550805363239e-12,
       -4.6936861155039010e-11, -1.1459154051145619e-12,
       3.3092366089852598e-07, 1.6991195375404788e-07,
       -1.5376249069673659e-07, -8.3956143149429211e-11,
       8.0359672493981271e-09, -7.4320648051754363e-08,
       -1.2937465859925862e-11, -2.6136752261693633e-10,
       1.3786412272555377e-07, -3.6429435892034433e-06,
       -4.6994957024959822e-06, -3.4859006935338520e-05,
       6.1042941387365991e-10, 1.0015593636628998e-06,
       -7.3697938729387234e-06, 8.3869346492281511e-11,
       1.4819388499089417e-09, 1.4482106009275698e-05,
       -2.0543680985840120e-10, -1.0960957266212181e-10,
       -7.2583023751256383e-11, 1.3788643167739430e-10,
       1.4642334208376026e-10, -4.9842986670450299e-11,
       -1.4178440762781276e-07, -7.1925980806760010e-08,
       1.1324456136227824e-06, -4.3821521948713035e-11,
       1.3655677843793298e-09, -3.3438010584763823e-09,
       2.9020157480439635e-11, -4.2256445055658710e-11,
       5.4888536184831217e-09, -3.4297868903271857e-08,
       -9.0707798506426837e-09, 9.1036041660903173e-08,
       1.4513207602779220e-12, 1.1014975071101580e-10,
       2.0003511278474292e-11, 2.9325470426611231e-12,
       9.1748411915654029e-12, -2.0543680985840120e-10,
       2.5902432106313547e-09, -3.0495503764112001e-09,
       -1.0824411374892104e-10, -1.2186803840455174e-10,
       -1.9561750264291086e-09, -8.2948768607168194e-11,
       -5.0853552840554235e-06, 6.2639847109196735e-07,
       -8.1221988517788028e-06, -2.4147699122019967e-10,
       -2.2943853526545501e-09, -4.7191087800887592e-09,
       -1.9668007991426685e-10, 1.6676397990173291e-09,
       2.1563623044163827e-10, 1.0120986514163707e-07,
       1.5989143973227490e-08, -5.4022513068071298e-07,
       -3.4615134410313505e-13, -7.0430236230488253e-10,
       5.7342605190014816e-10, -5.5762446450692090e-12,
       -3.5869385351424396e-11, -1.0960957266212181e-10,
       -3.0495503764112001e-09, 2.3487798412599728e-08,
       8.6902014593400002e-10, 9.6821523351971187e-10,
       1.7104242120855233e-08, 5.5233990376942291e-10,
       -1.0501179016711360e-07, -7.0477173580873199e-07,
       -3.3382701247269603e-07, -1.6531144926956551e-11,
       -2.0254664757238000e-10, 7.1538399457803881e-10,
       1.4786514047618866e-10, 4.7356132408705529e-11,
       -1.6504557740702010e-09, 7.3477031992860782e-09,
       -1.9080523710819360e-08, -1.3996608002853947e-08,
       1.2598825778518830e-12, -2.3525136283555163e-11,
       4.5647364192419041e-11, 5.2470816311530549e-12,
       -1.4817885711634239e-12, -7.2583023751256383e-11,
       -1.0824411374892104e-10, 8.6902014593400002e-10,
       2.0810840649394159e-09, 1.8422601278977224e-10,
       7.6166356042638914e-10, 1.9084325164790410e-09,
       7.4777684934420901e-08, 3.9761870808307613e-06,
       -5.7351259459280315e-07, 5.8178168434812376e-11,
       4.6705444333860681e-10, -4.3942772844427802e-09,
       -1.1113361673019464e-09, -6.6934155312487648e-11,
       7.3303250896134301e-09, 6.4873177399738522e-09,
       1.1212724758442988e-07, -7.3212176975704211e-08,
       -6.3650578737615983e-12, -6.8637385113828302e-11,
       -3.9038421328078677e-11, -3.6465016135015072e-11,
       -4.3779550805363239e-12, 1.3788643167739430e-10,
       -1.2186803840455174e-10, 9.6821523351971187e-10,
       1.8422601278977224e-10, 4.0494641717194727e-09,
       9.6167032711316848e-10, 6.0869017980791374e-10,
       -2.6383424057583050e-07, 6.4018408958471215e-07,
       -7.3516154889541440e-06, -4.7133370204691862e-11,
       -1.4029195040079746e-09, -4.8219413437369065e-09,
       -1.7013257718829256e-10, 1.9589623809275169e-10,
       -1.2600600477037312e-09, 1.4196488089520072e-07,
       3.4358121605495022e-08, -4.1274737909356104e-07,
       3.0077321391470618e-12, -4.8058726486706268e-10,
       2.0379676266928932e-10, -1.2757167568016260e-11,
       -4.6936861155039010e-11, 1.4642334208376026e-10,
       -1.9561750264291086e-09, 1.7104242120855233e-08,
       7.6166356042638914e-10, 9.6167032711316848e-10,
       1.5904677293833382e-08, 5.0246520660935667e-10,
       -5.2102785912648369e-08, -2.2209786566763986e-07,
       -2.2557422005175825e-07, -5.6510696431879858e-12,
       -1.4439867824607187e-10, 4.1832134373003757e-10,
       4.8087970274178749e-12, 2.4399217952436309e-11,
       -8.5918269557563120e-10, 5.6839018713595826e-09,
       -4.7498764904626165e-09, -1.4265607820854923e-08,
       4.3384245118610505e-13, -2.1033979241876345e-11,
       3.2664993340736581e-11, 6.2006486346836401e-13,
       -1.1459154051145619e-12, -4.9842986670450299e-11,
       -8.2948768607168194e-11, 5.5233990376942291e-10,
       1.9084325164790410e-09, 6.0869017980791374e-10,
       5.0246520660935667e-10, 1.8732175328604917e-09 ]
