%YAML:1.0
---
M1: !!opencv-matrix
   rows: 3
   cols: 3
   dt: d
   data: [ -1.0463561844228552e+03, 0., 9.5574099378642063e+02, 0.,
       -1.0463065733902276e+03, 5.9955944240591089e+02, 0., 0., 1. ]
D1: !!opencv-matrix
   rows: 5
   cols: 1
   dt: d
   data: [ -2.1371222032605311e-01, 2.0295958629947042e-01,
       2.0987446116870609e-04, 1.8451435400369454e-04,
       -8.7108074322588214e-02 ]
Cov1: !!opencv-matrix
   rows: 9
   cols: 9
   dt: d
   data: [ 5.0819753071623839e-03, 9.1492146331983163e-05,
       2.1110590569379950e-04, 2.3744511560336133e-07,
       3.0726240840238815e-07, 1.4117011152448653e-06,
       2.8739806311865254e-09, -1.5079089819536025e-06,
       -4.1921876840408897e-06, 9.1492146331983163e-05,
       4.2897283840361150e-03, -4.3424270077548272e-04,
       6.4312047527185179e-08, 5.7735253897189266e-07,
       -4.8453685815422202e-06, -1.1663546012681559e-06,
       -7.9092839128897944e-08, 8.2487466614208425e-06,
       2.1110590569379950e-04, -4.3424270077548272e-04,
       3.8024116428604150e-03, -9.3720159285173814e-08,
       -2.3474796868786990e-06, 1.8954350782299755e-05,
       1.0815410867710110e-07, -5.2457795109793267e-08,
       -2.5895377723874167e-05, 2.3744511560336133e-07,
       6.4312047527185179e-08, -9.3720159285173814e-08,
       1.2234381601992349e-10, 3.1138350169602077e-10,
       -1.5148557085695907e-09, -1.8925697099818295e-11,
       -1.0383879544854366e-10, 2.1117002426057255e-09,
       3.0726240840238815e-07, 5.7735253897189266e-07,
       -2.3474796868786990e-06, 3.1138350169602077e-10,
       6.2835630433359912e-08, -3.6481860186848979e-07,
       -2.4959469424942485e-11, 1.2331386503335357e-12,
       6.0801961601166179e-07, 1.4117011152448653e-06,
       -4.8453685815422202e-06, 1.8954350782299755e-05,
       -1.5148557085695907e-09, -3.6481860186848979e-07,
       2.4312371510757157e-06, 4.6804164523954071e-10,
       1.4697351860473079e-09, -4.3647561090163097e-06,
       2.8739806311865254e-09, -1.1663546012681559e-06,
       1.0815410867710110e-07, -1.8925697099818295e-11,
       -2.4959469424942485e-11, 4.6804164523954071e-10,
       3.9408339659369009e-10, 1.1917514499357159e-11,
       -9.6348999788403389e-10, -1.5079089819536025e-06,
       -7.9092839128897944e-08, -5.2457795109793267e-08,
       -1.0383879544854366e-10, 1.2331386503335357e-12,
       1.4697351860473079e-09, 1.1917514499357159e-11,
       5.5942691320156543e-10, -3.6681302435603533e-09,
       -4.1921876840408897e-06, 8.2487466614208425e-06,
       -2.5895377723874167e-05, 2.1117002426057255e-09,
       6.0801961601166179e-07, -4.3647561090163097e-06,
       -9.6348999788403389e-10, -3.6681302435603533e-09,
       8.3349268791830889e-06 ]
s1: 6144
w1: 1920
h1: 1200
M2: !!opencv-matrix
   rows: 3
   cols: 3
   dt: d
   data: [ -1.0465878544377060e+03, 0., 9.5201979147681232e+02, 0.,
       -1.0464381006037463e+03, 5.9411308443857706e+02, 0., 0., 1. ]
D2: !!opencv-matrix
   rows: 5
   cols: 1
   dt: d
   data: [ -2.1584975680004040e-01, 2.2189635842215680e-01,
       2.7225614925016986e-04, 9.7152185730380925e-05,
       -1.1976904792803784e-01 ]
Cov2: !!opencv-matrix
   rows: 9
   cols: 9
   dt: d
   data: [ 6.0572126319824596e-03, 1.6375685537775957e-04,
       -1.7928189335472809e-06, -2.0250901338600474e-07,
       -8.4989296219836230e-07, 2.5674878720316007e-06,
       -5.2036925669578020e-08, -1.8185153811898104e-06,
       -3.6429435892034433e-06, 1.6375685537775957e-04,
       5.0804168249223318e-03, -1.6818680962827519e-05,
       -5.8675717223440377e-08, -1.0339856362317770e-08,
       2.4752583909777762e-06, -1.4960069550723697e-06,
       -6.3775107313197637e-08, -4.6994957024959822e-06,
       -1.7928189335472809e-06, -1.6818680962827519e-05,
       3.3822603607952138e-03, -1.2274956600128744e-07,
       -1.9560940372372468e-06, 2.2363742824123775e-05,
       -1.8203549243717221e-09, -2.5948570504848235e-08,
       -3.4859006935338520e-05, -2.0250901338600474e-07,
       -5.8675717223440377e-08, -1.2274956600128744e-07,
       1.5975386270581097e-10, 3.0854926269426487e-10,
       -1.0383320834122882e-09, 1.9793093445488500e-11,
       5.4386226811731617e-11, 6.1042941387365991e-10,
       -8.4989296219836230e-07, -1.0339856362317770e-08,
       -1.9560940372372468e-06, 3.0854926269426487e-10,
       9.4238054012834386e-08, -5.7758876614788560e-07,
       2.2390414151413435e-10, 1.1212274931504501e-10,
       1.0015593636628998e-06, 2.5674878720316007e-06,
       2.4752583909777762e-06, 2.2363742824123775e-05,
       -1.0383320834122882e-09, -5.7758876614788560e-07,
       3.9880033139162214e-06, -8.8000613716273784e-10,
       -9.7437238307206201e-10, -7.3697938729387234e-06,
       -5.2036925669578020e-08, -1.4960069550723697e-06,
       -1.8203549243717221e-09, 1.9793093445488500e-11,
       2.2390414151413435e-10, -8.8000613716273784e-10,
       5.4500777220154963e-10, 1.6988704928639910e-11,
       8.3869346492281511e-11, -1.8185153811898104e-06,
       -6.3775107313197637e-08, -2.5948570504848235e-08,
       5.4386226811731617e-11, 1.1212274931504501e-10,
       -9.7437238307206201e-10, 1.6988704928639910e-11,
       6.4752109168478932e-10, 1.4819388499089417e-09,
       -3.6429435892034433e-06, -4.6994957024959822e-06,
       -3.4859006935338520e-05, 6.1042941387365991e-10,
       1.0015593636628998e-06, -7.3697938729387234e-06,
       8.3869346492281511e-11, 1.4819388499089417e-09,
       1.4482106009275698e-05 ]
s2: 6144
w2: 1920
h2: 1200
