X0: 3.032847e+00 1.912731e+01 -1.199505e-01 
rpy: 9.025003e+01 6.339454e-01 1.584403e+01 
R: 9.619496e-01 1.183519e-02 2.729705e-01 2.730028e-01 -1.177407e-03 -9.620125e-01 -1.106421e-02 9.999293e-01 -4.363648e-03