%YAML:1.0
---
F: !!opencv-matrix
   rows: 3
   cols: 3
   dt: d
   data: [ -6.4974332719832894e-10, -1.2798277240169326e-07,
       -4.5059073171535845e-04, 7.1129250433198704e-08,
       2.2045974620530714e-07, 1.0127805052844586e-01,
       -2.6537356693676263e-04, -1.0138867780628506e-01, 1. ]
E: !!opencv-matrix
   rows: 3
   cols: 3
   dt: d
   data: [ -1.3901728708164419e-05, -2.7394832350759253e-03,
       5.1054135093100920e-03, 1.5224167031072922e-03,
       4.7206821899572066e-03, -9.8753365507873792e-01,
       2.1863872718433973e-03, 9.8754185713291287e-01,
       4.7381642136534521e-03 ]
R: !!opencv-matrix
   rows: 3
   cols: 3
   dt: d
   data: [ 9.9997191360713722e-01, -7.3909995168211810e-03,
       -1.2430297754457554e-03, 7.3968761930028335e-03,
       9.9996116315753769e-01, 4.7914923781068042e-03,
       1.2075675822427513e-03, -4.8005523397226611e-03,
       9.9998774816383029e-01 ]
T: !!opencv-matrix
   rows: 3
   cols: 1
   dt: d
   data: [ 9.8754237943905832e-01, 5.1184852039970457e-03,
       2.7150171216462774e-03 ]
R1: !!opencv-matrix
   rows: 3
   cols: 3
   dt: d
   data: [ 9.9999636089366817e-01, -2.2213068559550223e-03,
       1.5310111927650135e-03, 2.2176344549932276e-03,
       9.9999467011155418e-01, 2.3962149127141285e-03,
       -1.5363257612601002e-03, -2.3928109694612110e-03,
       9.9999595707123723e-01 ]
R2: !!opencv-matrix
   rows: 3
   cols: 3
   dt: d
   data: [ 9.9998278918841454e-01, 5.1829645160341746e-03,
       2.7492191226672186e-03, -5.1763665204624266e-03,
       9.9998371848908352e-01, -2.4016632551555079e-03,
       -2.7616220966569954e-03, 2.3873909547577421e-03,
       9.9999333688171366e-01 ]
P1: !!opencv-matrix
   rows: 3
   cols: 4
   dt: d
   data: [ -2.2164137286347027e+03, 0., 9.3898887634277344e+02, 0., 0.,
       -2.2164137286347027e+03, 5.7745143890380859e+02, 0., 0., 0., 1.,
       0. ]
P2: !!opencv-matrix
   rows: 3
   cols: 4
   dt: d
   data: [ -2.2164137286347027e+03, 0., 9.7206863403320313e+02,
       -2.1888401591128786e+03, 0., -2.2164137286347027e+03,
       5.7745143890380859e+02, 0., 0., 0., 1., 0. ]
Q: !!opencv-matrix
   rows: 4
   cols: 4
   dt: d
   data: [ 1., 0., 0., -9.3898887634277344e+02, 0., 1., 0.,
       -5.7745143890380859e+02, 0., 0., 0., -2.2164137286347027e+03, 0.,
       0., -1.0125973284335799e+00, -3.3496474262559268e+01 ]
mirrorY: 1
ROI1x: 0
ROI1y: 0
ROI1w: 1920
ROI1h: 1200
ROI2x: 0
ROI2y: 1
ROI2w: 1920
ROI2h: 1199
Offsetx: 0.
Offsety: 0.
Offsetz: 0.
Covar: !!opencv-matrix
   rows: 24
   cols: 24
   dt: d
   data: [ 2.8733611940972037e-01, -1.2859888145896194e-02,
       -1.0731111896557535e-02, 4.8113205885421847e-06,
       8.2452760809392472e-05, -3.5962118704221425e-04,
       7.4066282622941387e-06, -3.8018575474304292e-05,
       4.8305472176756592e-04, -2.3436559922193731e-04,
       7.9520056286163309e-04, 8.5259616057767535e-04,
       -1.0357920518939765e-07, 5.6477849818293647e-06,
       -1.1468269953569370e-05, 2.2341294532552511e-07,
       -3.4888402303332997e-07, 1.3162796169873927e-05,
       -1.4699260329501208e-06, -1.0763649934494160e-04,
       3.1578670740060788e-06, -5.5895370054190288e-06,
       2.2635691748352768e-05, -1.6865309587685908e-06,
       -1.2859888145896194e-02, 2.6445705290266158e-01,
       5.9268429764145550e-03, -3.6693559450745382e-06,
       8.7930993030028968e-05, -2.5148856151042704e-04,
       -3.4039653860621304e-05, 9.9590950135923722e-06,
       8.6436853804856646e-05, -1.1534868599715588e-03,
       1.4359670981563782e-03, 1.1713500445790399e-03,
       -5.0483003193274489e-08, 9.4150107528869287e-06,
       -2.6061676517017980e-05, 3.1818291271931640e-07,
       -5.1378870830854167e-07, 4.3546422173574283e-05,
       -6.5030990150621533e-07, 1.5410094809400510e-05,
       -9.2002680353133387e-06, 1.1926780213784796e-04,
       9.4930183122051513e-06, -3.6560146038195001e-06,
       -1.0731111896557535e-02, 5.9268429764145550e-03,
       1.0203387706037072e-01, -9.8078441668240003e-07,
       2.1541869658246200e-05, 9.9989312168683977e-05,
       -5.9777979326801180e-07, 2.6636128284307410e-06,
       -2.6571832523357555e-04, -2.9080375560314085e-03,
       1.2338844265136317e-03, 7.8175635654674901e-03,
       2.3064991538059137e-08, 7.5126335337708172e-06,
       -3.0030964355753424e-05, -5.1908943687365791e-08,
       2.7366842243536083e-07, 7.2542552891640671e-05,
       1.5890257106438067e-05, -1.9686178143720918e-04,
       1.0764836681324559e-05, 5.1629445697282784e-06,
       -1.9798463062435106e-04, 1.0077879733928782e-05,
       4.8113205885421847e-06, -3.6693559450745382e-06,
       -9.8078441668240003e-07, 5.8411223798181105e-10,
       -2.5844372441473028e-09, 1.1910353532930316e-08,
       7.3531350026208731e-10, -1.2636434902769690e-09,
       -1.0693677670734629e-08, 1.5927030040181596e-08,
       -2.5037281142809422e-08, -4.0662020791695408e-08,
       2.3601659172851426e-12, -1.1675031399516888e-10,
       2.9035970131749955e-10, -2.0415816761921329e-12,
       3.2699862091301939e-12, -8.3822704215298017e-10,
       -4.6494608347002774e-11, -1.7824676789343101e-09,
       1.0926243314258599e-10, -1.6587850332684828e-09,
       3.8189458426356991e-10, -4.4327176976463935e-11,
       8.2452760809392472e-05, 8.7930993030028968e-05,
       2.1541869658246200e-05, -2.5844372441473028e-09,
       7.4356032436207602e-07, -5.3332511571274844e-06,
       8.0362567818993567e-09, 2.1479349791885010e-08,
       1.2573384983677290e-05, -4.4484495099804927e-06,
       3.3983611997770874e-06, 6.3102952690202475e-06,
       -1.0474965140217410e-10, 2.6332810808195865e-08,
       -5.9091260724053100e-08, 8.1781990189457504e-10,
       -1.0656882491397972e-09, 8.5690569672630473e-08,
       2.8858557703723696e-09, -7.7893124253658847e-08,
       4.6366100738180745e-09, 4.0975044128070709e-08,
       -4.0073403451900002e-08, 4.8667563591296792e-09,
       -3.5962118704221425e-04, -2.5148856151042704e-04,
       9.9989312168683977e-05, 1.1910353532930316e-08,
       -5.3332511571274844e-06, 5.7345919833112626e-05,
       -6.0651270411886041e-08, -1.1112979508843532e-07,
       -1.7401343309752878e-04, 2.8723998326643843e-06,
       9.2537339467386724e-07, -1.2611065903759248e-05,
       1.2971496940993805e-10, -1.1036080933358230e-08,
       1.8305769856817694e-08, -9.4566195891786192e-10,
       6.9753169876082334e-11, 4.6122470611798582e-08,
       6.0973744204694687e-09, 7.2872417243391605e-08,
       -1.8122865428467334e-08, -1.1728367035894964e-07,
       -8.7023170146232581e-08, -1.7710971228600868e-08,
       7.4066282622941387e-06, -3.4039653860621304e-05,
       -5.9777979326801180e-07, 7.3531350026208731e-10,
       8.0362567818993567e-09, -6.0651270411886041e-08,
       5.8054034118786619e-09, -1.2828643424365396e-09,
       1.4567780800269392e-07, 4.5820035805515937e-09,
       -6.3974215101853647e-08, -5.9279998937122761e-08,
       7.3720016569827619e-13, -9.1002141574235345e-11,
       9.4974523153970159e-10, 4.4908842462737197e-12,
       4.7005103437678374e-12, -2.4337167462542552e-09,
       5.4815602147573931e-11, -4.6994172007771612e-09,
       1.2533327128785225e-09, -1.5360741246301108e-08,
       -1.3414734461298773e-09, 4.3314564593321590e-10,
       -3.8018575474304292e-05, 9.9590950135923722e-06,
       2.6636128284307410e-06, -1.2636434902769690e-09,
       2.1479349791885010e-08, -1.1112979508843532e-07,
       -1.2828643424365396e-09, 7.7616147148351219e-09,
       1.7673745135214116e-07, -1.9175551357913630e-07,
       1.3467227877227401e-07, 9.4411579106378464e-08,
       9.6235096646851025e-13, 8.6698070880038038e-10,
       -1.4208313808296453e-09, 2.2092792552679997e-11,
       -3.4608471082330747e-11, 2.1986421753853359e-09,
       -3.1771604061880398e-11, 1.4618405904605769e-08,
       -4.2818059603571148e-10, 4.5125858838123326e-09,
       -2.6795319797638617e-09, 3.8760940968335120e-10,
       4.8305472176756592e-04, 8.6436853804856646e-05,
       -2.6571832523357555e-04, -1.0693677670734629e-08,
       1.2573384983677290e-05, -1.7401343309752878e-04,
       1.4567780800269392e-07, 1.7673745135214116e-07,
       6.8064198526337279e-04, 1.4009069909828082e-05,
       -2.0839042244208909e-05, -1.2747492812001920e-06,
       8.6457419980229819e-10, -1.5775902226913882e-07,
       5.3058981557711124e-07, -4.8346363979618880e-09,
       7.6439564780927599e-09, -1.0357569705563419e-06,
       1.5096390979724863e-09, -1.4899768805023551e-07,
       5.1242602844845528e-08, 4.7317447986936843e-08,
       6.6520358009946765e-08, 4.4906697450983673e-08,
       -2.3436559922193731e-04, -1.1534868599715588e-03,
       -2.9080375560314085e-03, 1.5927030040181596e-08,
       -4.4484495099804927e-06, 2.8723998326643843e-06,
       4.5820035805515937e-09, -1.9175551357913630e-07,
       1.4009069909828082e-05, 4.4292718391485875e-01,
       2.5507998641586677e-02, 9.2416929605959389e-03,
       -8.1135077337675782e-06, -1.6036658287930190e-04,
       9.6966329760953690e-04, -1.1262806416177068e-05,
       -5.8001973238558086e-05, -2.0819751284369419e-03,
       -4.5748223295684059e-07, 5.8990247293282117e-06,
       -3.1050685218536920e-07, -5.9743318981341865e-07,
       5.6867541203977649e-06, -3.0185410247547847e-07,
       7.9520056286163309e-04, 1.4359670981563782e-03,
       1.2338844265136317e-03, -2.5037281142809422e-08,
       3.3983611997770874e-06, 9.2537339467386724e-07,
       -6.3974215101853647e-08, 1.3467227877227401e-07,
       -2.0839042244208909e-05, 2.5507998641586677e-02,
       4.0997123693509585e-01, 5.6391141256032324e-03,
       -5.9814601283084297e-06, 6.4310269783206679e-05,
       -4.1528314563594426e-07, -5.6390907430308860e-05,
       -1.0919296354966991e-05, -1.2384958510349702e-04,
       1.6269200665224362e-07, -2.6688095296608931e-06,
       1.1382765655161782e-07, 6.8167721229811631e-07,
       -2.2691142694509180e-06, 1.1969345578413437e-07,
       8.5259616057767535e-04, 1.1713500445790399e-03,
       7.8175635654674901e-03, -4.0662020791695408e-08,
       6.3102952690202475e-06, -1.2611065903759248e-05,
       -5.9279998937122761e-08, 9.4411579106378464e-08,
       -1.2747492812001920e-06, 9.2416929605959389e-03,
       5.6391141256032324e-03, 1.8089484335938444e-01,
       -1.5281137546687225e-06, 3.9369937981832351e-05,
       2.2954278861931311e-04, 5.6634535396360624e-07,
       -3.5045054724637336e-06, -7.5945367971306371e-04,
       1.2705710885462999e-06, -1.6134272380598479e-05,
       8.7608618741139728e-07, 7.3342299165288199e-07,
       -1.5448809910391369e-05, 8.1273133347453360e-07,
       -1.0357920518939765e-07, -5.0483003193274489e-08,
       2.3064991538059137e-08, 2.3601659172851426e-12,
       -1.0474965140217410e-10, 1.2971496940993805e-10,
       7.3720016569827619e-13, 9.6235096646851025e-13,
       8.6457419980229819e-10, -8.1135077337675782e-06,
       -5.9814601283084297e-06, -1.5281137546687225e-06,
       1.6144828642182682e-09, -7.7465578368201966e-10,
       1.8826145448892306e-08, 1.2301287062025683e-09,
       1.3367897558228424e-09, -4.5561893934199464e-08,
       2.3913479687219701e-13, -1.9582694663575202e-11,
       3.4267898597904593e-12, -2.1979247943283967e-11,
       -6.6439138793665592e-11, 4.6326506042475236e-12,
       5.6477849818293647e-06, 9.4150107528869287e-06,
       7.5126335337708172e-06, -1.1675031399516888e-10,
       2.6332810808195865e-08, -1.1036080933358230e-08,
       -9.1002141574235345e-11, 8.6698070880038038e-10,
       -1.5775902226913882e-07, -1.6036658287930190e-04,
       6.4310269783206679e-05, 3.9369937981832351e-05,
       -7.7465578368201966e-10, 1.2591593768036140e-06,
       -8.2158437579315537e-06, 3.4449729448903259e-08,
       -3.5419410509362792e-08, 2.0257075126879201e-05,
       1.1713047877306156e-09, -1.6359472182359423e-08,
       6.6342177935578775e-10, 4.4468705284404995e-09,
       -1.3534206756405635e-08, 6.7728529902585813e-10,
       -1.1468269953569370e-05, -2.6061676517017980e-05,
       -3.0030964355753424e-05, 2.9035970131749955e-10,
       -5.9091260724053100e-08, 1.8305769856817694e-08,
       9.4974523153970159e-10, -1.4208313808296453e-09,
       5.3058981557711124e-07, 9.6966329760953690e-04,
       -4.1528314563594426e-07, 2.2954278861931311e-04,
       1.8826145448892306e-08, -8.2158437579315537e-06,
       8.4394520663251234e-05, -1.7169454902734022e-07,
       5.4336509161962743e-08, -2.3718110894856378e-04,
       -4.9541356480185123e-09, 6.2664956352377444e-08,
       -2.6341783695749901e-09, -1.2509897657566787e-08,
       5.6330828301658576e-08, -2.6557575704615565e-09,
       2.2341294532552511e-07, 3.1818291271931640e-07,
       -5.1908943687365791e-08, -2.0415816761921329e-12,
       8.1781990189457504e-10, -9.4566195891786192e-10,
       4.4908842462737197e-12, 2.2092792552679997e-11,
       -4.8346363979618880e-09, -1.1262806416177068e-05,
       -5.6390907430308860e-05, 5.6634535396360624e-07,
       1.2301287062025683e-09, 3.4449729448903259e-08,
       -1.7169454902734022e-07, 1.1098005739825292e-08,
       -8.5278676948728018e-11, 3.4042626243858898e-07,
       -5.7460313281591418e-13, 6.1828056716392148e-11,
       -1.3816760861032445e-11, 1.4183122091306333e-10,
       1.6206221883984354e-10, -1.2412708078690666e-11,
       -3.4888402303332997e-07, -5.1378870830854167e-07,
       2.7366842243536083e-07, 3.2699862091301939e-12,
       -1.0656882491397972e-09, 6.9753169876082334e-11,
       4.7005103437678374e-12, -3.4608471082330747e-11,
       7.6439564780927599e-09, -5.8001973238558086e-05,
       -1.0919296354966991e-05, -3.5045054724637336e-06,
       1.3367897558228424e-09, -3.5419410509362792e-08,
       5.4336509161962743e-08, -8.5278676948728018e-11,
       1.3167176125147554e-08, -7.2549212447456058e-08,
       4.4330316703964744e-11, -4.8249888700090310e-10,
       4.2493408176909521e-11, -2.2473856038343069e-10,
       -6.2951905232844531e-10, 3.6629958026650327e-11,
       1.3162796169873927e-05, 4.3546422173574283e-05,
       7.2542552891640671e-05, -8.3822704215298017e-10,
       8.5690569672630473e-08, 4.6122470611798582e-08,
       -2.4337167462542552e-09, 2.1986421753853359e-09,
       -1.0357569705563419e-06, -2.0819751284369419e-03,
       -1.2384958510349702e-04, -7.5945367971306371e-04,
       -4.5561893934199464e-08, 2.0257075126879201e-05,
       -2.3718110894856378e-04, 3.4042626243858898e-07,
       -7.2549212447456058e-08, 7.1285363774620974e-04,
       1.2337395745994114e-08, -1.4637554926178966e-07,
       6.6446728482296805e-09, 2.1426047689596625e-08,
       -1.3757152909415387e-07, 6.5470972882988886e-09,
       -1.4699260329501208e-06, -6.5030990150621533e-07,
       1.5890257106438067e-05, -4.6494608347002774e-11,
       2.8858557703723696e-09, 6.0973744204694687e-09,
       5.4815602147573931e-11, -3.1771604061880398e-11,
       1.5096390979724863e-09, -4.5748223295684059e-07,
       1.6269200665224362e-07, 1.2705710885462999e-06,
       2.3913479687219701e-13, 1.1713047877306156e-09,
       -4.9541356480185123e-09, -5.7460313281591418e-13,
       4.4330316703964744e-11, 1.2337395745994114e-08,
       1.3871048557403859e-08, -3.3239681612975820e-08,
       1.8648494941829997e-09, 1.0682186054206578e-10,
       -3.0746202673928590e-08, 1.5981583977211301e-09,
       -1.0763649934494160e-04, 1.5410094809400510e-05,
       -1.9686178143720918e-04, -1.7824676789343101e-09,
       -7.7893124253658847e-08, 7.2872417243391605e-08,
       -4.6994172007771612e-09, 1.4618405904605769e-08,
       -1.4899768805023551e-07, 5.8990247293282117e-06,
       -2.6688095296608931e-06, -1.6134272380598479e-05,
       -1.9582694663575202e-11, -1.6359472182359423e-08,
       6.2664956352377444e-08, 6.1828056716392148e-11,
       -4.8249888700090310e-10, -1.4637554926178966e-07,
       -3.3239681612975820e-08, 4.4854574801585022e-07,
       -2.3161879991867141e-08, 2.0158391949962907e-09,
       3.9179879890342145e-07, -1.9144313009690662e-08,
       3.1578670740060788e-06, -9.2002680353133387e-06,
       1.0764836681324559e-05, 1.0926243314258599e-10,
       4.6366100738180745e-09, -1.8122865428467334e-08,
       1.2533327128785225e-09, -4.2818059603571148e-10,
       5.1242602844845528e-08, -3.1050685218536920e-07,
       1.1382765655161782e-07, 8.7608618741139728e-07,
       3.4267898597904593e-12, 6.6342177935578775e-10,
       -2.6341783695749901e-09, -1.3816760861032445e-11,
       4.2493408176909521e-11, 6.6446728482296805e-09,
       1.8648494941829997e-09, -2.3161879991867141e-08,
       1.0840877355155442e-08, -1.7767089663701910e-09,
       -2.1345202255027431e-08, 1.0399967440477852e-08,
       -5.5895370054190288e-06, 1.1926780213784796e-04,
       5.1629445697282784e-06, -1.6587850332684828e-09,
       4.0975044128070709e-08, -1.1728367035894964e-07,
       -1.5360741246301108e-08, 4.5125858838123326e-09,
       4.7317447986936843e-08, -5.9743318981341865e-07,
       6.8167721229811631e-07, 7.3342299165288199e-07,
       -2.1979247943283967e-11, 4.4468705284404995e-09,
       -1.2509897657566787e-08, 1.4183122091306333e-10,
       -2.2473856038343069e-10, 2.1426047689596625e-08,
       1.0682186054206578e-10, 2.0158391949962907e-09,
       -1.7767089663701910e-09, 5.4328498400126991e-08,
       -4.7459222501735373e-10, 6.9119836829917783e-10,
       2.2635691748352768e-05, 9.4930183122051513e-06,
       -1.9798463062435106e-04, 3.8189458426356991e-10,
       -4.0073403451900002e-08, -8.7023170146232581e-08,
       -1.3414734461298773e-09, -2.6795319797638617e-09,
       6.6520358009946765e-08, 5.6867541203977649e-06,
       -2.2691142694509180e-06, -1.5448809910391369e-05,
       -6.6439138793665592e-11, -1.3534206756405635e-08,
       5.6330828301658576e-08, 1.6206221883984354e-10,
       -6.2951905232844531e-10, -1.3757152909415387e-07,
       -3.0746202673928590e-08, 3.9179879890342145e-07,
       -2.1345202255027431e-08, -4.7459222501735373e-10,
       3.9484635240479246e-07, -1.9581821446550087e-08,
       -1.6865309587685908e-06, -3.6560146038195001e-06,
       1.0077879733928782e-05, -4.4327176976463935e-11,
       4.8667563591296792e-09, -1.7710971228600868e-08,
       4.3314564593321590e-10, 3.8760940968335120e-10,
       4.4906697450983673e-08, -3.0185410247547847e-07,
       1.1969345578413437e-07, 8.1273133347453360e-07,
       4.6326506042475236e-12, 6.7728529902585813e-10,
       -2.6557575704615565e-09, -1.2412708078690666e-11,
       3.6629958026650327e-11, 6.5470972882988886e-09,
       1.5981583977211301e-09, -1.9144313009690662e-08,
       1.0399967440477852e-08, 6.9119836829917783e-10,
       -1.9581821446550087e-08, 1.0282923344055455e-08 ]
