%YAML:1.0
---
F: !!opencv-matrix
   rows: 3
   cols: 3
   dt: d
   data: [ -6.4974332719832894e-10, -1.2798277240169326e-07,
       -4.5059073171535845e-04, 7.1129250433198704e-08,
       2.2045974620530714e-07, 1.0127805052844586e-01,
       -2.6537356693676263e-04, -1.0138867780628506e-01, 1. ]
E: !!opencv-matrix
   rows: 3
   cols: 3
   dt: d
   data: [ -1.3901728708164419e-05, -2.7394832350759253e-03,
       5.1054135093100920e-03, 1.5224167031072922e-03,
       4.7206821899572066e-03, -9.8753365507873792e-01,
       2.1863872718433973e-03, 9.8754185713291287e-01,
       4.7381642136534521e-03 ]
R: !!opencv-matrix
   rows: 3
   cols: 3
   dt: d
   data: [ 9.9997191360713722e-01, -7.3909995168211810e-03,
       -1.2430297754457554e-03, 7.3968761930028335e-03,
       9.9996116315753769e-01, 4.7914923781068042e-03,
       1.2075675822427513e-03, -4.8005523397226611e-03,
       9.9998774816383029e-01 ]
T: !!opencv-matrix
   rows: 3
   cols: 1
   dt: d
   data: [ 9.8754237943905832e-01, 5.1184852039970457e-03,
       2.7150171216462774e-03 ]
R1: !!opencv-matrix
   rows: 3
   cols: 3
   dt: d
   data: [ 9.9999636089366817e-01, -2.2213068559550223e-03,
       1.5310111927650135e-03, 2.2176344549932276e-03,
       9.9999467011155418e-01, 2.3962149127141285e-03,
       -1.5363257612601002e-03, -2.3928109694612110e-03,
       9.9999595707123723e-01 ]
R2: !!opencv-matrix
   rows: 3
   cols: 3
   dt: d
   data: [ 9.9998278918841454e-01, 5.1829645160341746e-03,
       2.7492191226672186e-03, -5.1763665204624266e-03,
       9.9998371848908352e-01, -2.4016632551555079e-03,
       -2.7616220966569954e-03, 2.3873909547577421e-03,
       9.9999333688171366e-01 ]
P1: !!opencv-matrix
   rows: 3
   cols: 4
   dt: d
   data: [ -2.2164137286347027e+03, 0., 9.3898887634277344e+02, 0., 0.,
       -2.2164137286347027e+03, 5.7745143890380859e+02, 0., 0., 0., 1.,
       0. ]
P2: !!opencv-matrix
   rows: 3
   cols: 4
   dt: d
   data: [ -2.2164137286347027e+03, 0., 9.7206863403320313e+02,
       -2.1888401591128786e+03, 0., -2.2164137286347027e+03,
       5.7745143890380859e+02, 0., 0., 0., 1., 0. ]
Q: !!opencv-matrix
   rows: 4
   cols: 4
   dt: d
   data: [ 1., 0., 0., -9.3898887634277344e+02, 0., 1., 0.,
       -5.7745143890380859e+02, 0., 0., 0., -2.2164137286347027e+03, 0.,
       0., -1.0125973284335799e+00, -3.3496474262559268e+01 ]
mirrorY: 1
ROI1x: 0
ROI1y: 0
ROI1w: 1920
ROI1h: 1200
ROI2x: 0
ROI2y: 1
ROI2w: 1920
ROI2h: 1199
Offsetx: 0.
Offsety: 0.
Offsetz: 0.
Covar: !!opencv-matrix
   rows: 24
   cols: 24
   dt: d
   data: [ 2.8733611940972037e-01, -1.2859888145896194e-02,
       -1.0731111896557535e-02, 4.8113205885421847e-06,
       8.2452760809392472e-05, -3.5962118704221425e-04,
       7.4066282622941387e-06, -3.8018575474304292e-05,
       4.8305472176756592e-04, -2.3436559922193731e-04,
       7.9520056286163309e-04, 8.5259616057767535e-04,
       -1.0357920518939765e-07, 5.6477849818293647e-06,
       -1.1468269953569370e-05, 2.2341294532552511e-07,
       -3.4888402303332997e-07, 1.3162796169873927e-05,
       -1.4699260329501208e-06, -1.0763649934494160e-04,
       3.1578670740060788e-06, -5.5895370054190288e-06,
       2.2635691748352768e-05, -1.6865309587685908e-06,
       -1.2859888145896194e-02, 2.6445705290266158e-01,
       5.9268429764145550e-03, -3.6693559450745382e-06,
       8.7930993030028968e-05, -2.5148856151042704e-04,
       -3.4039653860621304e-05, 9.9590950135923722e-06,
       8.6436853804856646e-05, -1.1534868599715588e-03,
       1.4359670981563782e-03, 1.1713500445790399e-03,
       -5.0483003193274489e-08, 9.4150107528869287e-06,
       -2.6061676517017980e-05, 3.1818291271931640e-07,
       -5.1378870830854167e-07, 4.3546422173574283e-05,
       -6.5030990150621533e-07, 1.5410094809400510e-05,
       -9.2002680353133387e-06, 1.1926780213784796e-04,
       9.4930183122051513e-06, -3.6560146038195001e-06,
       -1.0731111896557535e-02, 5.9268429764145550e-03,
       1.0203387706037072e-01, -9.8078441668240003e-07,
       2.1541869658246200e-05, 9.9989312168683977e-05,
       -5.9777979326801180e-07, 2.6636128284307410e-06,
       -2.6571832523357555e-04, -2.9080375560314085e-03,
       1.2338844265136317e-03, 7.8175635654674901e-03,
       2.3064991538059137e-08, 7.5126335337708172e-06,
       -3.0030964355753424e-05, -5.1908943687365791e-08,
       2.7366842243536083e-07, 7.2542552891640671e-05,
       1.5890257106438067e-05, -1.9686178143720918e-04,
       1.0764836681324559e-05, 5.1629445697282784e-06,
       -1.9798463062435106e-04, 1.0077879733928782e-05,
       4.8113205885421847e-06, -3.6693559450745382e-06,
       -9.8078441668240003e-07, 5.8411223798181105e-10,
       -2.5844372441473028e-09, 1.1910353532930316e-08,
       7.3531350026208731e-10, -1.2636434902769690e-09,
       -1.0693677670734629e-08, 1.5927030040181596e-08,
       -2.5037281142809422e-08, -4.0662020791695408e-08,
       2.3601659172851426e-12, -1.1675031399516888e-10,
       2.9035970131749955e-10, -2.0415816761921329e-12,
       3.2699862091301939e-12, -8.3822704215298017e-10,
       -4.6494608347002774e-11, -1.7824676789343101e-09,
       1.0926243314258599e-10, -1.6587850332684828e-09,
       3.8189458426356991e-10, -4.4327176976463935e-11,
       8.2452760809392472e-05, 8.7930993030028968e-05,
       2.1541869658246200e-05, -2.5844372441473028e-09,
       7.4356032436207602e-07, -5.3332511571274844e-06,
       8.0362567818993567e-09, 2.1479349791885010e-08,
       1.2573384983677290e-05, -4.4484495099804927e-06,
       3.3983611997770874e-06, 6.3102952690202475e-06,
       -1.0474965140217410e-10, 2.6332810808195865e-08,
       -5.9091260724053100e-08, 8.1781990189457504e-10,
       -1.0656882491397972e-09, 8.5690569672630473e-08,
       2.8858557703723696e-09, -7.7893124253658847e-08,
       4.6366100738180745e-09, 4.0975044128070709e-08,
       -4.0073403451900002e-08, 4.8667563591296792e-09,
       -3.5962118704221425e-04, -2.5148856151042704e-04,
       9.9989312168683977e-05, 1.1910353532930316e-08,
       -5.3332511571274844e-06, 5.7345919833112626e-05,
       -6.0651270411886041e-08, -1.1112979508843532e-07,
       -1.7401343309752878e-04, 2.8723998326643843e-06,
       9.2537339467386724e-07, -1.2611065903759248e-05,
       1.2971496940993805e-10, -1.1036080933358230e-08,
       1.8305769856817694e-08, -9.4566195891786192e-10,
       6.9753169876082334e-11, 4.6122470611798582e-08,
       6.0973744204694687e-09, 7.2872417243391605e-08,
       -1.8122865428467334e-08, -1.1728367035894964e-07,
       -8.7023170146232581e-08, -1.7710971228600868e-08,
       7.4066282622941387e-06, -3.4039653860621304e-05,
       -5.9777979326801180e-07, 7.3531350026208731e-10,
       8.0362567818993567e-09, -6.0651270411886041e-08,
       5.8054034118786619e-09, -1.2828643424365396e-09,
       1.4567780800269392e-07, 4.5820035805515937e-09,
       -6.3974215101853647e-08, -5.9279998937122761e-08,
       7.3720016569827619e-13, -9.1002141574235345e-11,
       9.4974523153970159e-10, 4.4908842462737197e-12,
       4.7005103437678374e-12, -2.4337167462542552e-09,
       5.4815602147573931e-11, -4.6994172007771612e-09,
       1.2533327128785225e-09, -1.5360741246301108e-08,
       -1.3414734461298773e-09, 4.3314564593321590e-10,
       -3.8018575474304292e-05, 9.9590950135923722e-06,
       2.6636128284307410e-06, -1.2636434902769690e-09,
       2.1479349791885010e-08, -1.1112979508843532e-07,
       -1.2828643424365396e-09, 7.7616147148351219e-09,
       1.7673745135214116e-07, -1.9175551357913630e-07,
       1.3467227877227401e-07, 9.4411579106378464e-08,
       9.6235096646851025e-13, 8.6698070880038038e-10,
       -1.4208313808296453e-09, 2.2092792552679997e-11,
       -3.4608471082330747e-11, 2.1986421753853359e-09,
       -3.1771604061880398e-11, 1.4618405904605769e-08,
       -4.2818059603571148e-10, 4.5125858838123326e-09,
       -2.6795319797638617e-09, 3.8760940968335120e-10,
       4.8305472176756592e-04, 8.6436853804856646e-05,
