%YAML:1.0
---
M1: !!opencv-matrix
   rows: 3
   cols: 3
   dt: d
   data: [ -2.1992576927473092e+03, 0., 9.3313276743168717e+02, 0.,
       -2.2002208305263648e+03, 5.7497065861245903e+02, 0., 0., 1. ]
D1: !!opencv-matrix
   rows: 5
   cols: 1
   dt: d
   data: [ -7.4493512985403798e-02, 2.2954025957108062e-01,
       2.0480678624547940e-03, -5.8547906804798063e-04,
       6.5339531921142210e-02 ]
Cov1: !!opencv-matrix
   rows: 9
   cols: 9
   dt: d
   data: [ 2.8733611940972037e-01, -1.2859888145896194e-02,
       -1.0731111896557535e-02, 4.8113205885421847e-06,
       8.2452760809392472e-05, -3.5962118704221425e-04,
       7.4066282622941387e-06, -3.8018575474304292e-05,
       4.8305472176756592e-04, -1.2859888145896194e-02,
       2.6445705290266158e-01, 5.9268429764145550e-03,
       -3.6693559450745382e-06, 8.7930993030028968e-05,
       -2.5148856151042704e-04, -3.4039653860621304e-05,
       9.9590950135923722e-06, 8.6436853804856646e-05,
       -1.0731111896557535e-02, 5.9268429764145550e-03,
       1.0203387706037072e-01, -9.8078441668240003e-07,
       2.1541869658246200e-05, 9.9989312168683977e-05,
       -5.9777979326801180e-07, 2.6636128284307410e-06,
       -2.6571832523357555e-04, 4.8113205885421847e-06,
       -3.6693559450745382e-06, -9.8078441668240003e-07,
       5.8411223798181105e-10, -2.5844372441473028e-09,
       1.1910353532930316e-08, 7.3531350026208731e-10,
       -1.2636434902769690e-09, -1.0693677670734629e-08,
       8.2452760809392472e-05, 8.7930993030028968e-05,
       2.1541869658246200e-05, -2.5844372441473028e-09,
       7.4356032436207602e-07, -5.3332511571274844e-06,
       8.0362567818993567e-09, 2.1479349791885010e-08,
       1.2573384983677290e-05, -3.5962118704221425e-04,
       -2.5148856151042704e-04, 9.9989312168683977e-05,
       1.1910353532930316e-08, -5.3332511571274844e-06,
       5.7345919833112626e-05, -6.0651270411886041e-08,
       -1.1112979508843532e-07, -1.7401343309752878e-04,
       7.4066282622941387e-06, -3.4039653860621304e-05,
       -5.9777979326801180e-07, 7.3531350026208731e-10,
       8.0362567818993567e-09, -6.0651270411886041e-08,
       5.8054034118786619e-09, -1.2828643424365396e-09,
       1.4567780800269392e-07, -3.8018575474304292e-05,
       9.9590950135923722e-06, 2.6636128284307410e-06,
       -1.2636434902769690e-09, 2.1479349791885010e-08,
       -1.1112979508843532e-07, -1.2828643424365396e-09,
       7.7616147148351219e-09, 1.7673745135214116e-07,
       4.8305472176756592e-04, 8.6436853804856646e-05,
       -2.6571832523357555e-04, -1.0693677670734629e-08,
       1.2573384983677290e-05, -1.7401343309752878e-04,
       1.4567780800269392e-07, 1.7673745135214116e-07,
       6.8064198526337279e-04 ]
s1: 6144
w1: 1920
h1: 1200
M2: !!opencv-matrix
   rows: 3
   cols: 3
   dt: d
   data: [ -2.1975094925547960e+03, 0., 9.6656483706171900e+02, 0.,
       -2.1983107661118256e+03, 5.8263481007172368e+02, 0., 0., 1. ]
D2: !!opencv-matrix
   rows: 5
   cols: 1
   dt: d
   data: [ -7.2243281779917748e-02, 1.6782686948062089e-01,
       2.1538282679734429e-03, 8.8075801459212659e-04,
       2.4217046392282882e-01 ]
Cov2: !!opencv-matrix
   rows: 9
   cols: 9
   dt: d
   data: [ 4.4292718391485875e-01, 2.5507998641586677e-02,
       9.2416929605959389e-03, -8.1135077337675782e-06,
       -1.6036658287930190e-04, 9.6966329760953690e-04,
       -1.1262806416177068e-05, -5.8001973238558086e-05,
       -2.0819751284369419e-03, 2.5507998641586677e-02,
       4.0997123693509585e-01, 5.6391141256032324e-03,
       -5.9814601283084297e-06, 6.4310269783206679e-05,
       -4.1528314563594426e-07, -5.6390907430308860e-05,
       -1.0919296354966991e-05, -1.2384958510349702e-04,
       9.2416929605959389e-03, 5.6391141256032324e-03,
       1.8089484335938444e-01, -1.5281137546687225e-06,
       3.9369937981832351e-05, 2.2954278861931311e-04,
       5.6634535396360624e-07, -3.5045054724637336e-06,
       -7.5945367971306371e-04, -8.1135077337675782e-06,
       -5.9814601283084297e-06, -1.5281137546687225e-06,
       1.6144828642182682e-09, -7.7465578368201966e-10,
       1.8826145448892306e-08, 1.2301287062025683e-09,
       1.3367897558228424e-09, -4.5561893934199464e-08,
       -1.6036658287930190e-04, 6.4310269783206679e-05,
       3.9369937981832351e-05, -7.7465578368201966e-10,
       1.2591593768036140e-06, -8.2158437579315537e-06,
       3.4449729448903259e-08, -3.5419410509362792e-08,
       2.0257075126879201e-05, 9.6966329760953690e-04,
       -4.1528314563594426e-07, 2.2954278861931311e-04,
       1.8826145448892306e-08, -8.2158437579315537e-06,
       8.4394520663251234e-05, -1.7169454902734022e-07,
       5.4336509161962743e-08, -2.3718110894856378e-04,
       -1.1262806416177068e-05, -5.6390907430308860e-05,
       5.6634535396360624e-07, 1.2301287062025683e-09,
       3.4449729448903259e-08, -1.7169454902734022e-07,
       1.1098005739825292e-08, -8.5278676948728018e-11,
       3.4042626243858898e-07, -5.8001973238558086e-05,
       -1.0919296354966991e-05, -3.5045054724637336e-06,
       1.3367897558228424e-09, -3.5419410509362792e-08,
       5.4336509161962743e-08, -8.5278676948728018e-11,
       1.3167176125147554e-08, -7.2549212447456058e-08,
       -2.0819751284369419e-03, -1.2384958510349702e-04,
       -7.5945367971306371e-04, -4.5561893934199464e-08,
       2.0257075126879201e-05, -2.3718110894856378e-04,
       3.4042626243858898e-07, -7.2549212447456058e-08,
       7.1285363774620974e-04 ]
s2: 6144
w2: 1920
h2: 1200
