X0: -4.385673e+00 2.432146e+00 -1.109461e-01 
rpy: 8.960733e+01 1.261644e-01 1.339435e+02 
R: -6.939473e-01 -6.462588e-03 7.199968e-01 7.200224e-01 -3.170416e-03 6.939436e-01 -2.201982e-03 9.999741e-01 6.853309e-03