%YAML:1.0
---
F: !!opencv-matrix
   rows: 3
   cols: 3
   dt: d
   data: [ -9.0722675498905001e-11, -2.8781701429629236e-08,
       1.8763429540689727e-04, -1.0035774762104106e-07,
       4.0003766705568700e-07, 6.3436091690743712e-02,
       4.3750955523262663e-04, -6.3827101697470176e-02, 1. ]
E: !!opencv-matrix
   rows: 3
   cols: 3
   dt: d
   data: [ -1.7309978649085334e-06, -5.4936942252263067e-04,
       -2.3684743896677271e-03, -1.9150725260724559e-03,
       7.6366439571338360e-03, -8.8536745822991303e-01,
       -5.2544800828606547e-03, 8.8535682476243849e-01,
       7.6463966709332289e-03 ]
R: !!opencv-matrix
   rows: 3
   cols: 3
   dt: d
   data: [ 9.9995904640241873e-01, 8.6279360552708184e-03,
       -2.7320756562931063e-03, -8.6040324255129714e-03,
       9.9992562867547186e-01, 8.6433641588983118e-03,
       2.8064468614732306e-03, -8.6195033145050979e-03,
       9.9995891316524821e-01 ]
T: !!opencv-matrix
   rows: 3
   cols: 1
   dt: d
   data: [ 8.8540227991064313e-01, -2.3636466429470702e-03,
       5.6978525828018669e-04 ]
R1: !!opencv-matrix
   rows: 3
   cols: 3
   dt: d
   data: [ 9.9998005124457323e-01, 5.9529915154579822e-03,
       -2.1116356024801228e-03, -5.9438241835326842e-03,
       9.9997299798837536e-01, 4.3213711037145145e-03,
       2.1373036695865955e-03, -4.3087337069784284e-03,
       9.9998843330653886e-01 ]
R2: !!opencv-matrix
   rows: 3
   cols: 3
   dt: d
   data: [ 9.9999622964232260e-01, -2.6695636376634882e-03,
       6.4353020419539390e-04, 2.6723160082979106e-03,
       9.9998712071214424e-01, -4.3147580450473488e-03,
       -6.3200339480227574e-04, 4.3164614929327230e-03,
       9.9999048432067028e-01 ]
P1: !!opencv-matrix
   rows: 3
   cols: 4
   dt: d
   data: [ -1.3923798404745266e+03, 0., 9.6687080383300781e+02, 0., 0.,
       -1.3923798404745266e+03, 5.9914407348632813e+02, 0., 0., 0., 1.,
       0. ]
P2: !!opencv-matrix
   rows: 3
   cols: 4
   dt: d
   data: [ -1.3923798404745266e+03, 0., 9.7285624694824219e+02,
       -1.2328209334336345e+03, 0., -1.3923798404745266e+03,
       5.9914407348632813e+02, 0., 0., 0., 1., 0. ]
Q: !!opencv-matrix
   rows: 4
   cols: 4
   dt: d
   data: [ 1., 0., 0., -9.6687080383300781e+02, 0., 1., 0.,
       -5.9914407348632813e+02, 0., 0., 0., -1.3923798404745266e+03, 0.,
       0., -1.1294258694991199e+00, -6.7601142947611050e+00 ]
mirrorY: 1
ROI1x: 0
ROI1y: 0
ROI1w: 1920
ROI1h: 1213
ROI2x: 0
ROI2y: 1
ROI2w: 1920
ROI2h: 1215
Offsetx: 0.
Offsety: 0.
Offsetz: 0.
Covar: !!opencv-matrix
   rows: 24
   cols: 24
   dt: d
   data: [ 4.9383872989514375e-02, -2.8815240695834938e-03,
       4.1232784621178312e-03, 1.4239363412538277e-06,
       -8.0741514910713126e-06, 8.3543011870544664e-05,
       1.0689571244606379e-06, -9.7565830967850721e-06,
       -1.5418893130842663e-04, 2.6273093358107256e-04,
       5.0343105334540903e-05, 9.7965629222131851e-04,
       -9.7086850224566334e-10, 9.3970425886315714e-07,
       -1.2206379021811501e-06, -2.2058980450023536e-09,
       -1.1299168154689846e-07, 1.6249095337748440e-06,
       -1.2478729613137330e-06, -3.4782098428436679e-05,
       1.3680460973289830e-06, -2.0234298547388707e-06,
       1.2269588302892887e-06, -5.1172066576033098e-07,
       -2.8815240695834938e-03, 4.4415742326459853e-02,
       3.2918361216871002e-04, -1.2780102527050656e-06,
       -1.5412948726643999e-05, 1.0328807675635890e-04,
       -8.9325208344806264e-06, 1.6944945370835926e-06,
       -1.9229683146913362e-04, -6.7948976404524271e-05,
       8.6938558846565541e-05, -2.5551977291962593e-04,
       -6.9642725053658366e-09, 2.3252048613305128e-07,
       -1.4331204429676537e-06, -7.4686588563788051e-09,
       1.3968699186140128e-08, 1.9988677658647994e-06,
       -3.3920700942049034e-06, 1.3236481416860130e-05,
       -6.1402490695415549e-06, 3.1524657778386648e-05,
       1.0857690400901779e-05, -1.2392699083085561e-06,
       4.1232784621178312e-03, 3.2918361216871002e-04,
       2.6181695577652413e-02, -9.7668173033724205e-07,
       -4.2880062360309443e-06, 8.2079236101209179e-05,
       4.2336189027596004e-09, -5.0729251709413626e-08,
       -1.5328140668107590e-04, 3.3339916620435281e-04,
       1.6918836363807979e-05, 1.6838391742031015e-03,
       4.6736439101547447e-09, 9.5089013645346521e-07,
       6.8545802859882417e-07, 9.6614170388733225e-10,
       -1.5061153034212830e-07, -1.2177222289595386e-06,
       1.3760669251850185e-05, -6.7148572912137817e-05,
       3.6327015712989012e-06, 1.1890121937666148e-06,
       -5.9701601737742042e-05, 2.9976209600866821e-06,
       1.4239363412538277e-06, -1.2780102527050656e-06,
       -9.7668173033724205e-07, 7.3443316046861057e-10,
       4.9409710901826177e-09, -2.4351360832244718e-08,
       4.2346103605284563e-10, -5.3420566278241768e-10,
       3.8833075506152229e-08, 1.8350140078503907e-08,
       -3.5238968289493983e-09, 7.1716429325229285e-08,
       -2.4437435443732354e-13, -2.9695989316642861e-11,
       2.0171179759100555e-10, -1.8329609873882871e-12,
       -5.4065186218917128e-12, -2.3024366848590861e-10,
       9.0423386392009151e-11, -1.7142783831106758e-09,
       2.5199291573815735e-10, -8.9946964285413826e-10,
       -7.8671952471565863e-10, 5.3257417838427937e-11,
       -8.0741514910713126e-06, -1.5412948726643999e-05,
       -4.2880062360309443e-06, 4.9409710901826177e-09,
       2.1950377293633420e-07, -1.4530890065194062e-06,
       4.8697226347587018e-09, -7.7703784014800891e-10,
       3.0577420948195683e-06, 1.3144992430872288e-07,
       5.7506416431197884e-08, 2.9535781547267470e-07,
       -3.2582491658873659e-11, -7.1020339550496979e-10,
       2.8346625214232406e-09, -4.2382410315576275e-11,
       -8.5884102009617682e-12, -3.5868171363729618e-09,
       1.2322109744772557e-08, -4.3866740629317628e-08,
       5.0568959138260461e-09, -1.0301699022678268e-08,
       -4.7479050201260965e-08, 2.9576446101996258e-09,
       8.3543011870544664e-05, 1.0328807675635890e-04,
       8.2079236101209179e-05, -2.4351360832244718e-08,
       -1.4530890065194062e-06, 1.1296764621560383e-05,
       -2.4783548557666525e-08, 9.0118005790223515e-09,
       -2.5623010589279096e-05, 3.9804129153955539e-07,
       -3.5490001141158534e-09, 5.3408831657969621e-06,
       7.1148399285199087e-11, 4.6771279471079654e-09,
       -8.3440665123770008e-09, 9.2641791517585246e-11,
       -4.2593774469709583e-10, 1.3893368125308280e-08,
       -3.6678009559818036e-08, 8.6376309072306836e-08,
       -1.9458820609503519e-08, 7.1979969570029529e-08,
       1.4310261799048777e-07, -8.3942894496841851e-09,
       1.0689571244606379e-06, -8.9325208344806264e-06,
       4.2336189027596004e-09, 4.2346103605284563e-10,
       4.8697226347587018e-09, -2.4783548557666525e-08,
       2.0834860713916903e-09, -4.0766894733176704e-10,
       4.2232353139923133e-08, 1.8243912936639411e-08,
       -1.2216232646571026e-08, 8.8453653992725610e-08,
       4.1748287834039038e-13, -1.3405506355237802e-11,
       2.3012112300224992e-10, 1.3331517857660752e-12,
       -6.6457328786279041e-12, -3.0136581814454662e-10,
       9.5603696739811236e-10, -3.6850735380550035e-09,
       1.1280631542203418e-09, -6.3972275024687965e-09,
       -2.7898037054032583e-09, 9.4327787862568053e-11,
       -9.7565830967850721e-06, 1.6944945370835926e-06,
       -5.0729251709413626e-08, -5.3420566278241768e-10,
       -7.7703784014800891e-10, 9.0118005790223515e-09,
       -4.0766894733176704e-10, 2.4421273798503420e-09,
       -2.1224761007835154e-08, -4.8619612731638727e-08,
       1.1639933946423542e-08, -1.7239190734701591e-07,
       -3.1300955753484333e-12, -5.9239000551665696e-11,
       -1.7124643324938555e-10, -9.6589712536769785e-13,
       1.6774190247007917e-11, 2.5198229964111761e-10,
       5.9856779496102912e-11, 7.0979977364243211e-09,
       -4.5619489705305085e-10, 1.1904421774606027e-09,
       -3.2089318613668659e-11, 4.2021818976440291e-11,
       -1.5418893130842663e-04, -1.9229683146913362e-04,
