%YAML:1.0
---
F: !!opencv-matrix
   rows: 3
   cols: 3
   dt: d
   data: [ -9.0722675498905001e-11, -2.8781701429629236e-08,
       1.8763429540689727e-04, -1.0035774762104106e-07,
       4.0003766705568700e-07, 6.3436091690743712e-02,
       4.3750955523262663e-04, -6.3827101697470176e-02, 1. ]
E: !!opencv-matrix
   rows: 3
   cols: 3
   dt: d
   data: [ -1.7309978649085334e-06, -5.4936942252263067e-04,
       -2.3684743896677271e-03, -1.9150725260724559e-03,
       7.6366439571338360e-03, -8.8536745822991303e-01,
       -5.2544800828606547e-03, 8.8535682476243849e-01,
       7.6463966709332289e-03 ]
R: !!opencv-matrix
   rows: 3
   cols: 3
   dt: d
   data: [ 9.9995904640241873e-01, 8.6279360552708184e-03,
       -2.7320756562931063e-03, -8.6040324255129714e-03,
       9.9992562867547186e-01, 8.6433641588983118e-03,
       2.8064468614732306e-03, -8.6195033145050979e-03,
       9.9995891316524821e-01 ]
T: !!opencv-matrix
   rows: 3
   cols: 1
   dt: d
   data: [ 8.8540227991064313e-01, -2.3636466429470702e-03,
       5.6978525828018669e-04 ]
R1: !!opencv-matrix
   rows: 3
   cols: 3
   dt: d
   data: [ 9.9998005124457323e-01, 5.9529915154579822e-03,
       -2.1116356024801228e-03, -5.9438241835326842e-03,
       9.9997299798837536e-01, 4.3213711037145145e-03,
       2.1373036695865955e-03, -4.3087337069784284e-03,
       9.9998843330653886e-01 ]
R2: !!opencv-matrix
   rows: 3
   cols: 3
   dt: d
   data: [ 9.9999622964232260e-01, -2.6695636376634882e-03,
       6.4353020419539390e-04, 2.6723160082979106e-03,
       9.9998712071214424e-01, -4.3147580450473488e-03,
       -6.3200339480227574e-04, 4.3164614929327230e-03,
       9.9999048432067028e-01 ]
P1: !!opencv-matrix
   rows: 3
   cols: 4
   dt: d
   data: [ -1.3923798404745266e+03, 0., 9.6687080383300781e+02, 0., 0.,
       -1.3923798404745266e+03, 5.9914407348632813e+02, 0., 0., 0., 1.,
       0. ]
P2: !!opencv-matrix
   rows: 3
   cols: 4
   dt: d
   data: [ -1.3923798404745266e+03, 0., 9.7285624694824219e+02,
       -1.2328209334336345e+03, 0., -1.3923798404745266e+03,
       5.9914407348632813e+02, 0., 0., 0., 1., 0. ]
Q: !!opencv-matrix
   rows: 4
   cols: 4
   dt: d
   data: [ 1., 0., 0., -9.6687080383300781e+02, 0., 1., 0.,
       -5.9914407348632813e+02, 0., 0., 0., -1.3923798404745266e+03, 0.,
       0., -1.1294258694991199e+00, -6.7601142947611050e+00 ]
mirrorY: 1
ROI1x: 0
ROI1y: 0
ROI1w: 1920
ROI1h: 1213
ROI2x: 0
ROI2y: 1
ROI2w: 1920
ROI2h: 1215
Offsetx: 0.
Offsety: 0.
Offsetz: 0.
Covar: !!opencv-matrix
   rows: 24
   cols: 24
   dt: d
   data: [ 4.9383872989514375e-02, -2.8815240695834938e-03,
       4.1232784621178312e-03, 1.4239363412538277e-06,
       -8.0741514910713126e-06, 8.3543011870544664e-05,
       1.0689571244606379e-06, -9.7565830967850721e-06,
       -1.5418893130842663e-04, 2.6273093358107256e-04,
       5.0343105334540903e-05, 9.7965629222131851e-04,
       -9.7086850224566334e-10, 9.3970425886315714e-07,
       -1.2206379021811501e-06, -2.2058980450023536e-09,
       -1.1299168154689846e-07, 1.6249095337748440e-06,
       -1.2478729613137330e-06, -3.4782098428436679e-05,
       1.3680460973289830e-06, -2.0234298547388707e-06,
       1.2269588302892887e-06, -5.1172066576033098e-07,
       -2.8815240695834938e-03, 4.4415742326459853e-02,
       3.2918361216871002e-04, -1.2780102527050656e-06,
       -1.5412948726643999e-05, 1.0328807675635890e-04,
       -8.9325208344806264e-06, 1.6944945370835926e-06,
       -1.9229683146913362e-04, -6.7948976404524271e-05,
       8.6938558846565541e-05, -2.5551977291962593e-04,
       -6.9642725053658366e-09, 2.3252048613305128e-07,
       -1.4331204429676537e-06, -7.4686588563788051e-09,
       1.3968699186140128e-08, 1.9988677658647994e-06,
       -3.3920700942049034e-06, 1.3236481416860130e-05,
       -6.1402490695415549e-06, 3.1524657778386648e-05,
       1.0857690400901779e-05, -1.2392699083085561e-06,
       4.1232784621178312e-03, 3.2918361216871002e-04,
       2.6181695577652413e-02, -9.7668173033724205e-07,
       -4.2880062360309443e-06, 8.2079236101209179e-05,
       4.2336189027596004e-09, -5.0729251709413626e-08,
       -1.5328140668107590e-04, 3.3339916620435281e-04,
       1.6918836363807979e-05, 1.6838391742031015e-03,
       4.6736439101547447e-09, 9.5089013645346521e-07,
       6.8545802859882417e-07, 9.6614170388733225e-10,
       -1.5061153034212830e-07, -1.2177222289595386e-06,
       1.3760669251850185e-05, -6.7148572912137817e-05,
       3.6327015712989012e-06, 1.1890121937666148e-06,
       -5.9701601737742042e-05, 2.9976209600866821e-06,
       1.4239363412538277e-06, -1.2780102527050656e-06,
       -9.7668173033724205e-07, 7.3443316046861057e-10,
       4.9409710901826177e-09, -2.4351360832244718e-08,
       4.2346103605284563e-10, -5.3420566278241768e-10,
       3.8833075506152229e-08, 1.8350140078503907e-08,
       -3.5238968289493983e-09, 7.1716429325229285e-08,
       -2.4437435443732354e-13, -2.9695989316642861e-11,
       2.0171179759100555e-10, -1.8329609873882871e-12,
       -5.4065186218917128e-12, -2.3024366848590861e-10,
       9.0423386392009151e-11, -1.7142783831106758e-09,
       2.5199291573815735e-10, -8.9946964285413826e-10,
       -7.8671952471565863e-10, 5.3257417838427937e-11,
       -8.0741514910713126e-06, -1.5412948726643999e-05,
       -4.2880062360309443e-06, 4.9409710901826177e-09,
       2.1950377293633420e-07, -1.4530890065194062e-06,
       4.8697226347587018e-09, -7.7703784014800891e-10,
       3.0577420948195683e-06, 1.3144992430872288e-07,
       5.7506416431197884e-08, 2.9535781547267470e-07,
       -3.2582491658873659e-11, -7.1020339550496979e-10,
       2.8346625214232406e-09, -4.2382410315576275e-11,
       -8.5884102009617682e-12, -3.5868171363729618e-09,
       1.2322109744772557e-08, -4.3866740629317628e-08,
       5.0568959138260461e-09, -1.0301699022678268e-08,
       -4.7479050201260965e-08, 2.9576446101996258e-09,
       8.3543011870544664e-05, 1.0328807675635890e-04,
       8.2079236101209179e-05, -2.4351360832244718e-08,
       -1.4530890065194062e-06, 1.1296764621560383e-05,
       -2.4783548557666525e-08, 9.0118005790223515e-09,
       -2.5623010589279096e-05, 3.9804129153955539e-07,
       -3.5490001141158534e-09, 5.3408831657969621e-06,
       7.1148399285199087e-11, 4.6771279471079654e-09,
       -8.3440665123770008e-09, 9.2641791517585246e-11,
       -4.2593774469709583e-10, 1.3893368125308280e-08,
       -3.6678009559818036e-08, 8.6376309072306836e-08,
       -1.9458820609503519e-08, 7.1979969570029529e-08,
       1.4310261799048777e-07, -8.3942894496841851e-09,
       1.0689571244606379e-06, -8.9325208344806264e-06,
       4.2336189027596004e-09, 4.2346103605284563e-10,
       4.8697226347587018e-09, -2.4783548557666525e-08,
       2.0834860713916903e-09, -4.0766894733176704e-10,
       4.2232353139923133e-08, 1.8243912936639411e-08,
       -1.2216232646571026e-08, 8.8453653992725610e-08,
       4.1748287834039038e-13, -1.3405506355237802e-11,
       2.3012112300224992e-10, 1.3331517857660752e-12,
       -6.6457328786279041e-12, -3.0136581814454662e-10,
       9.5603696739811236e-10, -3.6850735380550035e-09,
       1.1280631542203418e-09, -6.3972275024687965e-09,
       -2.7898037054032583e-09, 9.4327787862568053e-11,
       -9.7565830967850721e-06, 1.6944945370835926e-06,
       -5.0729251709413626e-08, -5.3420566278241768e-10,
       -7.7703784014800891e-10, 9.0118005790223515e-09,
       -4.0766894733176704e-10, 2.4421273798503420e-09,
       -2.1224761007835154e-08, -4.8619612731638727e-08,
       1.1639933946423542e-08, -1.7239190734701591e-07,
       -3.1300955753484333e-12, -5.9239000551665696e-11,
       -1.7124643324938555e-10, -9.6589712536769785e-13,
       1.6774190247007917e-11, 2.5198229964111761e-10,
       5.9856779496102912e-11, 7.0979977364243211e-09,
       -4.5619489705305085e-10, 1.1904421774606027e-09,
       -3.2089318613668659e-11, 4.2021818976440291e-11,
       -1.5418893130842663e-04, -1.9229683146913362e-04,
       -1.5328140668107590e-04, 3.8833075506152229e-08,
       3.0577420948195683e-06, -2.5623010589279096e-05,
       4.2232353139923133e-08, -2.1224761007835154e-08,
       6.1469526908197985e-05, -1.6841460895252717e-07,
       9.0268868420197499e-07, -1.0103160374019281e-05,
       -4.2832907460077915e-11, 8.8389279474453370e-09,
       -3.5055991283003389e-08, 9.7683964966345123e-11,
       -1.3075690378970526e-11, 3.4502413135471918e-08,
       5.9722826608185183e-08, -1.5510925933025209e-07,
       3.2075864690305996e-08, -1.3471718380415577e-07,
       -2.6006283143985586e-07, 1.1686259768070854e-08,
       2.6273093358107256e-04, -6.7948976404524271e-05,
       3.3339916620435281e-04, 1.8350140078503907e-08,
       1.3144992430872288e-07, 3.9804129153955539e-07,
       1.8243912936639411e-08, -4.8619612731638727e-08,
       -1.6841460895252717e-07, 7.1048602797712954e-02,
       1.4828091153876600e-03, 7.8346771852107720e-03,
       -1.4156305556970874e-06, 1.8412503674904911e-05,
       -7.0043568828460714e-05, -6.5424516062269632e-07,
       -1.3996963850341665e-05, 8.6650970097753327e-05,
       1.9665716110453971e-07, -1.1228761428954408e-06,
       7.2923219508481618e-08, -3.2810027344972206e-08,
       -8.7326066345575634e-07, 5.0531054456273694e-08,
       5.0343105334540903e-05, 8.6938558846565541e-05,
       1.6918836363807979e-05, -3.5238968289493983e-09,
       5.7506416431197884e-08, -3.5490001141158534e-09,
       -1.2216232646571026e-08, 1.1639933946423542e-08,
       9.0268868420197499e-07, 1.4828091153876600e-03,
       6.2028824915426918e-02, 2.1512661996869061e-03,
       -1.7980678389918311e-06, 9.8468319346213058e-06,
       -2.2831946424790631e-05, -1.2136696325466632e-05,
       -1.4363954074605031e-06, 2.9201372281014932e-05,
       4.2077687998308437e-08, -2.4486109783874998e-08,
       -9.4871963362303790e-09, 6.1722960402612948e-08,
       2.3998828071629563e-08, -5.1371623837138837e-09,
       9.7965629222131851e-04, -2.5551977291962593e-04,
       1.6838391742031015e-03, 7.1716429325229285e-08,
       2.9535781547267470e-07, 5.3408831657969621e-06,
       8.8453653992725610e-08, -1.7239190734701591e-07,
       -1.0103160374019281e-05, 7.8346771852107720e-03,
       2.1512661996869061e-03, 4.4605249309185621e-02,
       -2.6665665246576666e-06, -2.8909762313392395e-06,
       5.5998611608408519e-05, -5.8694565240384112e-07,
       -3.4050916017744275e-06, -4.9927241197239927e-05,
       1.0073574833664823e-06, -5.3689159048701972e-06,
       3.4670599310399091e-07, -1.0578324313635647e-07,
       -4.3561432397735134e-06, 2.4814695581723817e-07,
       -9.7086850224566334e-10, -6.9642725053658366e-09,
       4.6736439101547447e-09, -2.4437435443732354e-13,
       -3.2582491658873659e-11, 7.1148399285199087e-11,
       4.1748287834039038e-13, -3.1300955753484333e-12,
       -4.2832907460077915e-11, -1.4156305556970874e-06,
       -1.7980678389918311e-06, -2.6665665246576666e-06,
       1.9657282716604591e-09, 3.1888997010851174e-09,
       -1.6006935375502174e-08, 4.4510897560755729e-10,
       1.3812010593823528e-09, 1.7032238112994599e-08,
       -1.0463279006355191e-11, -9.6100221767462707e-12,
       1.2296705888811118e-12, -4.7825661985623554e-12,
       -1.2731919117502068e-11, 1.2514913449490083e-12,
       9.3970425886315714e-07, 2.3252048613305128e-07,
       9.5089013645346521e-07, -2.9695989316642861e-11,
       -7.1020339550496979e-10, 4.6771279471079654e-09,
       -1.3405506355237802e-11, -5.9239000551665696e-11,
       8.8389279474453370e-09, 1.8412503674904911e-05,
       9.8468319346213058e-06, -2.8909762313392395e-06,
       3.1888997010851174e-09, 2.1467933129040956e-07,
       -6.9152110869868464e-07, 1.5725739761563473e-09,
       -6.5804123463608337e-09, 8.0111865212666218e-07,
       3.3793646445424013e-10, -2.5002936076237723e-09,
       9.8928710010159529e-11, 1.9287273321618683e-10,
       -1.6966187753510688e-09, 7.9744969603959959e-11,
       -1.2206379021811501e-06, -1.4331204429676537e-06,
       6.8545802859882417e-07, 2.0171179759100555e-10,
       2.8346625214232406e-09, -8.3440665123770008e-09,
       2.3012112300224992e-10, -1.7124643324938555e-10,
       -3.5055991283003389e-08, -7.0043568828460714e-05,
       -2.2831946424790631e-05, 5.5998611608408519e-05,
       -1.6006935375502174e-08, -6.9152110869868464e-07,
       2.8114537184554946e-06, -4.7492740512881565e-09,
       5.2785370979071116e-09, -3.5291368779432708e-06,
       1.1186733327690936e-09, -3.5178115161565678e-09,
       4.3565662416502423e-10, -9.4295636008520988e-10,
       -4.1239022260109232e-09, 2.8048633518283539e-10,
       -2.2058980450023536e-09, -7.4686588563788051e-09,
       9.6614170388733225e-10, -1.8329609873882871e-12,
       -4.2382410315576275e-11, 9.2641791517585246e-11,
       1.3331517857660752e-12, -9.6589712536769785e-13,
       9.7683964966345123e-11, -6.5424516062269632e-07,
       -1.2136696325466632e-05, -5.8694565240384112e-07,
       4.4510897560755729e-10, 1.5725739761563473e-09,
       -4.7492740512881565e-09, 2.9866140216206896e-09,
       2.0506715830471612e-10, 4.2939405855264953e-09,
       -1.2905932167041214e-11, 1.3401851457275601e-11,
       -3.5871905907462552e-13, -5.6465006876881741e-12,
       8.7944717377872817e-12, -5.2697478379642590e-13,
       -1.1299168154689846e-07, 1.3968699186140128e-08,
       -1.5061153034212830e-07, -5.4065186218917128e-12,
       -8.5884102009617682e-12, -4.2593774469709583e-10,
       -6.6457328786279041e-12, 1.6774190247007917e-11,
       -1.3075690378970526e-11, -1.3996963850341665e-05,
       -1.4363954074605031e-06, -3.4050916017744275e-06,
       1.3812010593823528e-09, -6.5804123463608337e-09,
       5.2785370979071116e-09, 2.0506715830471612e-10,
       4.7202653071124625e-09, -3.7551813864426292e-09,
       -7.6327602708881437e-11, 4.7586422551104806e-10,
       -2.8846201826716551e-11, 3.5837160823153181e-12,
       3.7023530051666007e-10, -2.1028732685234938e-11,
       1.6249095337748440e-06, 1.9988677658647994e-06,
       -1.2177222289595386e-06, -2.3024366848590861e-10,
       -3.5868171363729618e-09, 1.3893368125308280e-08,
       -3.0136581814454662e-10, 2.5198229964111761e-10,
       3.4502413135471918e-08, 8.6650970097753327e-05,
       2.9201372281014932e-05, -4.9927241197239927e-05,
       1.7032238112994599e-08, 8.0111865212666218e-07,
       -3.5291368779432708e-06, 4.2939405855264953e-09,
       -3.7551813864426292e-09, 4.6259530736033938e-06,
       -1.6105141461180883e-09, 5.3084179170252426e-09,
       -6.1652500817910203e-10, 1.3113358100172023e-09,
       6.0669706474935687e-09, -3.9701552084386220e-10,
       -1.2478729613137330e-06, -3.3920700942049034e-06,
       1.3760669251850185e-05, 9.0423386392009151e-11,
       1.2322109744772557e-08, -3.6678009559818036e-08,
       9.5603696739811236e-10, 5.9856779496102912e-11,
       5.9722826608185183e-08, 1.9665716110453971e-07,
       4.2077687998308437e-08, 1.0073574833664823e-06,
       -1.0463279006355191e-11, 3.3793646445424013e-10,
       1.1186733327690936e-09, -1.2905932167041214e-11,
       -7.6327602708881437e-11, -1.6105141461180883e-09,
       1.7090232636015058e-08, -4.0039707459503405e-08,
       2.7408776628827580e-09, -1.8191013391596457e-09,
       -3.5881873701138450e-08, 1.8526785734376233e-09,
       -3.4782098428436679e-05, 1.3236481416860130e-05,
       -6.7148572912137817e-05, -1.7142783831106758e-09,
       -4.3866740629317628e-08, 8.6376309072306836e-08,
       -3.6850735380550035e-09, 7.0979977364243211e-09,
       -1.5510925933025209e-07, -1.1228761428954408e-06,
       -2.4486109783874998e-08, -5.3689159048701972e-06,
       -9.6100221767462707e-12, -2.5002936076237723e-09,
       -3.5178115161565678e-09, 1.3401851457275601e-11,
       4.7586422551104806e-10, 5.3084179170252426e-09,
       -4.0039707459503405e-08, 2.1417857870319231e-07,
       -1.2977213563779842e-08, 6.6970981560677406e-09,
       1.7676669726159466e-07, -8.8160727870984022e-09,
       1.3680460973289830e-06, -6.1402490695415549e-06,
       3.6327015712989012e-06, 2.5199291573815735e-10,
       5.0568959138260461e-09, -1.9458820609503519e-08,
       1.1280631542203418e-09, -4.5619489705305085e-10,
       3.2075864690305996e-08, 7.2923219508481618e-08,
       -9.4871963362303790e-09, 3.4670599310399091e-07,
       1.2296705888811118e-12, 9.8928710010159529e-11,
       4.3565662416502423e-10, -3.5871905907462552e-13,
       -2.8846201826716551e-11, -6.1652500817910203e-10,
       2.7408776628827580e-09, -1.2977213563779842e-08,
       9.2470949454074780e-09, -2.1140046223335632e-09,
       -1.1336855797446941e-08, 8.5057561309651855e-09,
       -2.0234298547388707e-06, 3.1524657778386648e-05,
       1.1890121937666148e-06, -8.9946964285413826e-10,
       -1.0301699022678268e-08, 7.1979969570029529e-08,
       -6.3972275024687965e-09, 1.1904421774606027e-09,
       -1.3471718380415577e-07, -3.2810027344972206e-08,
       6.1722960402612948e-08, -1.0578324313635647e-07,
       -4.7825661985623554e-12, 1.9287273321618683e-10,
       -9.4295636008520988e-10, -5.6465006876881741e-12,
       3.5837160823153181e-12, 1.3113358100172023e-09,
       -1.8191013391596457e-09, 6.6970981560677406e-09,
       -2.1140046223335632e-09, 2.2981373004142261e-08,
       5.1811756433191343e-09, 1.3552813900863176e-09,
       1.2269588302892887e-06, 1.0857690400901779e-05,
       -5.9701601737742042e-05, -7.8671952471565863e-10,
       -4.7479050201260965e-08, 1.4310261799048777e-07,
       -2.7898037054032583e-09, -3.2089318613668659e-11,
       -2.6006283143985586e-07, -8.7326066345575634e-07,
       2.3998828071629563e-08, -4.3561432397735134e-06,
       -1.2731919117502068e-11, -1.6966187753510688e-09,
       -4.1239022260109232e-09, 8.7944717377872817e-12,
       3.7023530051666007e-10, 6.0669706474935687e-09,
       -3.5881873701138450e-08, 1.7676669726159466e-07,
       -1.1336855797446941e-08, 5.1811756433191343e-09,
       1.6717159226322858e-07, -8.7339497729068715e-09,
       -5.1172066576033098e-07, -1.2392699083085561e-06,
       2.9976209600866821e-06, 5.3257417838427937e-11,
       2.9576446101996258e-09, -8.3942894496841851e-09,
       9.4327787862568053e-11, 4.2021818976440291e-11,
       1.1686259768070854e-08, 5.0531054456273694e-08,
       -5.1371623837138837e-09, 2.4814695581723817e-07,
       1.2514913449490083e-12, 7.9744969603959959e-11,
       2.8048633518283539e-10, -5.2697478379642590e-13,
       -2.1028732685234938e-11, -3.9701552084386220e-10,
       1.8526785734376233e-09, -8.8160727870984022e-09,
       8.5057561309651855e-09, 1.3552813900863176e-09,
       -8.7339497729068715e-09, 8.5031573564609835e-09 ]
