%YAML:1.0
---
M1: !!opencv-matrix
   rows: 3
   cols: 3
   dt: d
   data: [ -1.3703769928099252e+03, 0., 9.6820813226166604e+02, 0.,
       -1.3709051110026360e+03, 6.0584161377960083e+02, 0., 0., 1. ]
D1: !!opencv-matrix
   rows: 5
   cols: 1
   dt: d
   data: [ -1.9615340652010420e-02, 1.0743275531453990e-02,
       3.9362739580828211e-04, -6.1770928972180593e-04,
       -5.9660554930682390e-02 ]
Cov1: !!opencv-matrix
   rows: 9
   cols: 9
   dt: d
   data: [ 4.9383872989514375e-02, -2.8815240695834938e-03,
       4.1232784621178312e-03, 1.4239363412538277e-06,
       -8.0741514910713126e-06, 8.3543011870544664e-05,
       1.0689571244606379e-06, -9.7565830967850721e-06,
       -1.5418893130842663e-04, -2.8815240695834938e-03,
       4.4415742326459853e-02, 3.2918361216871002e-04,
       -1.2780102527050656e-06, -1.5412948726643999e-05,
       1.0328807675635890e-04, -8.9325208344806264e-06,
       1.6944945370835926e-06, -1.9229683146913362e-04,
       4.1232784621178312e-03, 3.2918361216871002e-04,
       2.6181695577652413e-02, -9.7668173033724205e-07,
       -4.2880062360309443e-06, 8.2079236101209179e-05,
       4.2336189027596004e-09, -5.0729251709413626e-08,
       -1.5328140668107590e-04, 1.4239363412538277e-06,
       -1.2780102527050656e-06, -9.7668173033724205e-07,
       7.3443316046861057e-10, 4.9409710901826177e-09,
       -2.4351360832244718e-08, 4.2346103605284563e-10,
       -5.3420566278241768e-10, 3.8833075506152229e-08,
       -8.0741514910713126e-06, -1.5412948726643999e-05,
       -4.2880062360309443e-06, 4.9409710901826177e-09,
       2.1950377293633420e-07, -1.4530890065194062e-06,
       4.8697226347587018e-09, -7.7703784014800891e-10,
       3.0577420948195683e-06, 8.3543011870544664e-05,
       1.0328807675635890e-04, 8.2079236101209179e-05,
       -2.4351360832244718e-08, -1.4530890065194062e-06,
       1.1296764621560383e-05, -2.4783548557666525e-08,
       9.0118005790223515e-09, -2.5623010589279096e-05,
       1.0689571244606379e-06, -8.9325208344806264e-06,
       4.2336189027596004e-09, 4.2346103605284563e-10,
       4.8697226347587018e-09, -2.4783548557666525e-08,
       2.0834860713916903e-09, -4.0766894733176704e-10,
       4.2232353139923133e-08, -9.7565830967850721e-06,
       1.6944945370835926e-06, -5.0729251709413626e-08,
       -5.3420566278241768e-10, -7.7703784014800891e-10,
       9.0118005790223515e-09, -4.0766894733176704e-10,
       2.4421273798503420e-09, -2.1224761007835154e-08,
       -1.5418893130842663e-04, -1.9229683146913362e-04,
       -1.5328140668107590e-04, 3.8833075506152229e-08,
       3.0577420948195683e-06, -2.5623010589279096e-05,
       4.2232353139923133e-08, -2.1224761007835154e-08,
       6.1469526908197985e-05 ]
s1: 6144
w1: 1920
h1: 1216
M2: !!opencv-matrix
   rows: 3
   cols: 3
   dt: d
   data: [ -1.3715222177803955e+03, 0., 9.7059656090795886e+02, 0.,
       -1.3716916179728976e+03, 5.9504337234579020e+02, 0., 0., 1. ]
D2: !!opencv-matrix
   rows: 5
   cols: 1
   dt: d
   data: [ -1.7160462406941000e-02, -3.1964515196706601e-03,
       5.9051620438510121e-04, 1.1583399098351174e-04,
       -3.5985209444105812e-02 ]
Cov2: !!opencv-matrix
   rows: 9
   cols: 9
   dt: d
   data: [ 7.1048602797712954e-02, 1.4828091153876600e-03,
       7.8346771852107720e-03, -1.4156305556970874e-06,
       1.8412503674904911e-05, -7.0043568828460714e-05,
       -6.5424516062269632e-07, -1.3996963850341665e-05,
       8.6650970097753327e-05, 1.4828091153876600e-03,
       6.2028824915426918e-02, 2.1512661996869061e-03,
       -1.7980678389918311e-06, 9.8468319346213058e-06,
       -2.2831946424790631e-05, -1.2136696325466632e-05,
       -1.4363954074605031e-06, 2.9201372281014932e-05,
       7.8346771852107720e-03, 2.1512661996869061e-03,
       4.4605249309185621e-02, -2.6665665246576666e-06,
       -2.8909762313392395e-06, 5.5998611608408519e-05,
       -5.8694565240384112e-07, -3.4050916017744275e-06,
       -4.9927241197239927e-05, -1.4156305556970874e-06,
       -1.7980678389918311e-06, -2.6665665246576666e-06,
       1.9657282716604591e-09, 3.1888997010851174e-09,
       -1.6006935375502174e-08, 4.4510897560755729e-10,
       1.3812010593823528e-09, 1.7032238112994599e-08,
       1.8412503674904911e-05, 9.8468319346213058e-06,
       -2.8909762313392395e-06, 3.1888997010851174e-09,
       2.1467933129040956e-07, -6.9152110869868464e-07,
       1.5725739761563473e-09, -6.5804123463608337e-09,
       8.0111865212666218e-07, -7.0043568828460714e-05,
       -2.2831946424790631e-05, 5.5998611608408519e-05,
       -1.6006935375502174e-08, -6.9152110869868464e-07,
       2.8114537184554946e-06, -4.7492740512881565e-09,
       5.2785370979071116e-09, -3.5291368779432708e-06,
       -6.5424516062269632e-07, -1.2136696325466632e-05,
       -5.8694565240384112e-07, 4.4510897560755729e-10,
       1.5725739761563473e-09, -4.7492740512881565e-09,
       2.9866140216206896e-09, 2.0506715830471612e-10,
       4.2939405855264953e-09, -1.3996963850341665e-05,
       -1.4363954074605031e-06, -3.4050916017744275e-06,
       1.3812010593823528e-09, -6.5804123463608337e-09,
       5.2785370979071116e-09, 2.0506715830471612e-10,
       4.7202653071124625e-09, -3.7551813864426292e-09,
       8.6650970097753327e-05, 2.9201372281014932e-05,
       -4.9927241197239927e-05, 1.7032238112994599e-08,
       8.0111865212666218e-07, -3.5291368779432708e-06,
       4.2939405855264953e-09, -3.7551813864426292e-09,
       4.6259530736033938e-06 ]
s2: 6144
w2: 1920
h2: 1216
